552.257	1097.23	2476.98
556.106	1101.19	2487.43
555.503	1102.35	2488.84
555.213	1102.13	2488.31
555.045	1101.7	2488
554.336	1102.34	2490.39
553.144	1101.91	2490.73
551.474	1101.53	2487.84
550.243	1101.41	2485.69
548.741	1099.48	2484.21
548.242	1098.75	2484.09
547.19	1098.69	2484.92
546.562	1098.27	2485.62
545.578	1098.14	2485.31
545.878	1098.71	2486.78
546.491	1099.01	2488.54
544.229	1098.42	2484.98
541.023	1097.12	2478.36
542.254	1097.14	2479.93
543.696	1098.18	2485.2
542.997	1098.49	2485.78
542.239	1098.3	2484.36
541.33	1097.89	2482.7
539.699	1097.91	2482.18
539.108	1097.79	2482.73
538.515	1096.8	2481.83
537.769	1096.77	2480.59
537.041	1095.67	2476.45
536.875	1094.95	2474.26
536.18	1095.09	2473.46
536.209	1094.3	2473.83
535.911	1093.84	2477.06
534.235	1094.01	2476.56
532.292	1092.91	2471.92
532.399	1092.7	2471.31
532	1094.14	2472.58
531.892	1094.73	2473.72
531.838	1094.82	2476.84
531.375	1094.83	2478.15
530.842	1094.11	2480.32
529.7	1093.66	2480.35
527.66	1095.16	2477.38
526.983	1096.42	2476.62
526.85	1095.11	2473.9
526.718	1093.74	2472.01
526.545	1091.84	2468.29
526.598	1091.09	2466.1
525.942	1092.18	2465.94
525.435	1092.51	2465.71
524.648	1092.61	2467.22
523.881	1093.16	2467.78
522.964	1093.45	2466.99
521.508	1092.69	2464.97
519.15	1092.04	2462.93
519.044	1092.41	2464.18
519.076	1092.85	2463.67
518.959	1092.87	2463.09
518.386	1093.6	2465.51
517.753	1094.67	2466.66
517.579	1094.07	2464.81
516.944	1092.49	2462.69
515.326	1092.12	2462.11
514.968	1092.82	2462.99
515	1092.04	2462.52
514.012	1091.19	2460.4
512.781	1089.66	2454.65
512.682	1088.24	2452.14
511.804	1088.04	2452.09
511.506	1088.38	2452.56
511.329	1088.18	2451.91
510.494	1088.53	2450.18
509.476	1088.46	2446.41
510.351	1088.26	2446.7
511.13	1089.03	2450.95
508.731	1088.2	2448.56
505.889	1085.15	2440.78
505.903	1084.12	2439
505.074	1084.9	2440.26
505.665	1086.27	2443.14
506.858	1087.58	2445.8
505.787	1087.6	2444.23
504.204	1087.68	2441.4
503.648	1087.76	2440.41
502.735	1087.87	2439.98
501.604	1087.86	2438.74
499.998	1087.99	2435.23
500.154	1088.7	2435.08
500.382	1089.31	2436.42
499.896	1088.86	2436.19
499.234	1087.98	2435.59
498.603	1087.42	2434.84
497.937	1086.37	2430.78
497.334	1085.9	2427.78
496.163	1085.54	2425.67
496.221	1085.71	2425.77
496.577	1085.57	2423.75
495.547	1084.79	2420.14
493.839	1083.81	2416.27
493.859	1083.43	2415.78
494.077	1082.45	2413.92
493.873	1082.35	2412.03
492.855	1083.72	2413.47
491.781	1084.4	2413.72
490.828	1083.89	2410.51
491.095	1083.62	2410
491.263	1083.82	2410.29
490.584	1083.19	2409.09
488.624	1084.99	2410.65
487.138	1086.47	2411.34
485.685	1086.63	2409.06
485.675	1087.22	2409.25
485.921	1086.48	2411.32
485.559	1085.43	2411.77
485.097	1084.66	2409.09
484.1	1084.28	2406.05
482.46	1084.45	2401.1
481.918	1085	2398.78
480.789	1086.03	2398.47
479.919	1085.89	2398.08
479.316	1084.09	2393.91
479.08	1084	2391.4
478.175	1085.47	2389.39
478.084	1086.53	2388.98
478.292	1086.76	2388.3
477.787	1085.63	2386.73
476.802	1084.53	2385.33
477.029	1084.88	2385.94
477.288	1085.91	2386.34
475.379	1085.73	2382.89
472.887	1084.43	2376.51
473.173	1084.43	2375.73
473.753	1083.51	2375.41
474.541	1082.83	2375.91
474.464	1085.89	2379.61
472.265	1086.81	2378.23
469.75	1085.22	2375.75
469.204	1085.41	2376.08
468.656	1085.73	2373.44
468.553	1085.58	2372.17
468.319	1085.93	2369.5
468.555	1086.42	2368.42
469.08	1085.96	2368.2
467.632	1084.98	2364.83
465.234	1084.04	2360.91
465.328	1084.03	2361.33
465.639	1085.36	2356.62
465.984	1086.31	2353.72
466.187	1086.71	2355.69
464.628	1085.99	2354
462.132	1085.44	2351.81
462.029	1086.3	2353.1
462.417	1086.57	2351.95
462.227	1086.01	2350.41
461.866	1085.91	2347
461.621	1085.98	2344.71
460.961	1086.28	2343.96
460.395	1086.81	2343.22
459.82	1086.76	2341.45
459.261	1086	2339.99
458.419	1085.49	2336.26
458.022	1085.86	2334.04
456.736	1087.43	2335.33
455.961	1087.85	2336.37
455.666	1087.26	2332.09
455.129	1087.53	2328.6
454.008	1088.49	2325.19
452.799	1087.9	2322.14
451.255	1085.94	2317.69
451.679	1085.81	2317.27
451.981	1086.34	2318.18
451.379	1086.89	2317.34
449.949	1089.04	2318.04
448.704	1089.5	2318.03
448.438	1086.78	2310.61
449.034	1085.83	2307.03
448.865	1086.76	2306.36
447.334	1086.66	2303.41
445.27	1086.16	2297.63
446.084	1086.92	2297.64
446.907	1088.28	2301.05
446.341	1088.12	2301.39
446.062	1086.56	2299.55
444.452	1085.28	2295.78
441.546	1085.68	2289.45
441.954	1087.02	2289.37
442.221	1089.03	2292.65
440.129	1089.63	2290.81
437.689	1088.67	2285.88
438.406	1088.54	2286.77
439.655	1089.13	2284.53
439.131	1088.96	2280.63
438.043	1088.42	2278.48
437.557	1088.55	2277.45
436.901	1088.76	2275.19
436.342	1087.98	2273.51
435.668	1086.92	2269.2
436.089	1088.02	2267.77
436.521	1089.68	2267.51
435.41	1089.5	2264.92
433.81	1089.58	2259.59
434.38	1090.5	2258.91
434.608	1092.51	2262.27
432.441	1091.94	2260.51
429.942	1089.69	2254.29
429.69	1089.8	2252.57
428.87	1090.58	2252.61
428.25	1090.62	2252.54
427.682	1090.96	2248.44
428.117	1091.75	2247.12
429.259	1091.25	2244.66
429.474	1091.25	2242.03
428.761	1093.65	2241.9
427.598	1094.12	2240.67
426.713	1093.08	2235.1
426.284	1093.04	2231.64
424.695	1094.65	2231.16
424.382	1095.8	2232.15
424.92	1095.53	2229.19
424.566	1094.32	2226.03
422.97	1094.68	2225.84
422.03	1095.64	2225.88
421.337	1096.14	2221.7
421.184	1096.28	2219.46
420.893	1096.04	2217.76
420.516	1096.59	2216.26
420.38	1096.02	2213.47
420.337	1095.28	2211.71
419.615	1096.84	2208.77
419.307	1097.58	2207.13
419.697	1096.29	2202.7
419.644	1095.61	2199.2
418.366	1096.7	2199.7
417.504	1097.51	2200.01
417.21	1097.62	2194.24
417.296	1097.19	2190.93
417.141	1096.28	2189.1
416.427	1096.29	2186.78
415.714	1095.07	2183.01
415.538	1094.27	2181.01
414.562	1096.21	2177.24
413.888	1096.88	2174.72
412.891	1097.28	2172.16
413.246	1098.7	2172.16
414.042	1099.48	2172.98
412.806	1098.49	2170.55
411.01	1098.19	2163.8
410.888	1099.57	2161.06
411.031	1099.71	2158.56
411.208	1099.17	2157.08
410.969	1100.3	2154.87
410.203	1100.29	2152.41
409.433	1099.29	2147.73
409.846	1100.02	2146.13
410.438	1101.35	2143.45
410.201	1101.05	2140.67
409.565	1100.61	2138.84
409.312	1100.91	2137.87
409.232	1101.36	2133.86
408.36	1101.14	2129.83
406.695	1101.38	2125.56
407.248	1102.78	2125.48
407.47	1105.87	2128.22
405.894	1106.47	2127.19
405.011	1104.4	2120
404.971	1104.06	2116.09
404.328	1104.42	2113.1
404.812	1103.85	2112.75
404.997	1105.12	2111.98
404.648	1106.91	2110.57
404.35	1108.41	2109.28
403.388	1108.5	2107.19
402.269	1107.9	2103.03
402.559	1108.15	2101.97
403.084	1109.19	2098.12
402.833	1109.22	2094.58
402.253	1108.64	2092.44
401.657	1108.92	2090.61
401.422	1108.55	2084.23
401.765	1108.08	2080.86
400.828	1110	2081.85
400.01	1111.39	2082.17
399.688	1111.82	2078.95
399.553	1111.89	2076.96
399.72	1111.67	2071.68
399.838	1112.12	2068.14
400.016	1112.14	2064.28
399.98	1111.71	2061.49
399.115	1112.71	2060.23
398.27	1112.52	2059.02
398.052	1110.56	2052.46
398.739	1110.6	2049.39
399.207	1111.9	2046.53
398.696	1112.01	2043.31
397.644	1112.39	2040.33
397.427	1113.37	2039.09
397.082	1115.13	2036.79
396.779	1115.57	2035.19
396.632	1115.11	2032.85
395.83	1114.53	2030.14
395.012	1113.79	2022.83
395.714	1114.36	2019.95
396.074	1115.81	2019.88
395.785	1116.39	2018.98
395.948	1116.86	2013.77
396.641	1117.38	2011.25
396.727	1119.19	2012.78
395.239	1119.55	2011.32
393.828	1118.5	2006.19
394.493	1118.48	2005.36
395.43	1119.28	2002.79
395.582	1120	2000.28
396.265	1119.8	1995.77
395.891	1118.8	1991.49
393.589	1120.77	1991.17
392.946	1123.03	1992.33
392.985	1124.3	1990.91
393.184	1125.06	1990.25
393.959	1125.85	1986.25
394.133	1125.94	1983.07
393.737	1126.89	1981.71
393.466	1127.19	1980.82
393.188	1127.14	1979.65
392.721	1127.25	1978.39
392.53	1127.08	1973.21
393.191	1126.76	1971.07
393.639	1126.58	1971.55
393.335	1128.14	1970.74
392.787	1130.72	1969.63
392.745	1130.71	1969.59
393.413	1130.17	1964.83
392.964	1129.84	1960.21
391.925	1128.97	1957.17
392.365	1129.3	1956.88
392.365	1131.58	1957.64
392.087	1133.05	1957.7
392.451	1133.92	1954.63
392.805	1133.93	1952.82
393.012	1134.1	1952.41
392.972	1134.57	1951.81
392.701	1135.31	1952.57
392.359	1135.66	1952.83
392.347	1136.59	1948.32
392.369	1137.19	1945.37
391.929	1138.16	1944.59
391.746	1138.73	1944.26
392.17	1138.13	1941.53
392.444	1137.51	1939.72
392.389	1137.78	1937.96
392.847	1138.11	1937.56
393.07	1139.3	1939.12
392.794	1140.78	1939.41
393.087	1141.42	1937.8
392.982	1140.81	1936.35
393.096	1139.84	1932.12
393.224	1139.56	1929.35
392.059	1141.9	1929.64
391.478	1143.47	1930.15
391.757	1143.1	1928.08
390.902	1142.29	1925.08
389.815	1141.07	1919.17
390.263	1140.85	1917.05
390.198	1141.77	1916.85
389.87	1141.96	1916.31
389.411	1142.08	1915.63
389.378	1142.67	1915.56
390.241	1141.75	1912.41
389.98	1140.74	1909.03
388.077	1143.02	1907.15
387.325	1144.9	1906.68
387.917	1143.73	1901.69
388.534	1142.05	1898.82
389	1140.15	1896.7
389.08	1139.71	1894.84
388.624	1140.63	1892.9
387.98	1140.95	1891.1
387.241	1141.05	1887.53
386.148	1141.38	1884.17
385.564	1139.65	1876.16
385.862	1138.49	1871.91
384.726	1139.76	1870.9
384.501	1140.14	1871.12
385.447	1138.86	1865.73
384.915	1138.06	1860.33
383.274	1137.98	1856.27
382.772	1138.55	1854.42
382.676	1137.97	1849.93
381.855	1137.52	1845.77
380.381	1137.56	1839.76
380.462	1136.87	1837.51
380.731	1136.15	1832.32
380.077	1136.29	1827.5
378.965	1135.8	1822.94
379.007	1135.5	1821.11
379.437	1134.9	1816.02
378.796	1134.01	1811.28
377.002	1134.27	1806.83
375.759	1134.04	1803.85
375.163	1131.16	1795.84
375.374	1130.11	1791.35
374.658	1130.76	1787.25
373.995	1130.67	1784.31
373.216	1130.49	1778.49
372.995	1131.18	1774.98
373.056	1130.65	1770.38
372.724	1129.19	1766.89
371.986	1127.82	1761.61
371.472	1127.33	1758.01
371.272	1125.14	1751.78
371.898	1124.2	1748.72
372.057	1124.99	1744.83
370.734	1124.48	1740.25
368.955	1122.88	1733.89
368.171	1122.54	1730.17
367.169	1121.43	1724.77
367.707	1120.59	1722.98
368.764	1119.43	1718.41
367.931	1118.45	1713.14
366.511	1116.97	1706.47
367.131	1116.18	1704.31
368.01	1115.53	1700.29
367.477	1115.12	1695.97
366.269	1114.85	1691.55
365.197	1114.74	1688.21
363.606	1114.49	1683.32
363.248	1114.26	1681.1
363.847	1112.08	1674.1
363.492	1109.97	1668.47
362.195	1108.25	1662.17
362.593	1108.11	1659.66
362.636	1108.55	1658.12
361.807	1108.18	1655.96
360.759	1107.58	1651.62
359.94	1107.16	1648.57
359.308	1105.07	1643.13
359.415	1104.03	1640.23
358.651	1104.75	1637.19
358.968	1105.92	1636.24
360.171	1105.94	1633.66
359.109	1104.7	1629.47
357.922	1102.21	1622.04
359.492	1101.96	1620.25
361.223	1102.83	1618.95
360.303	1102.6	1615.28
359.13	1101.97	1609.13
358.755	1101.09	1605.68
357.413	1100.81	1603.28
357.459	1101.61	1602.85
358.383	1101.6	1599.31
358.557	1100.92	1596.44
358.25	1100.38	1594.67
357.832	1099.68	1593.25
358.125	1097.38	1587.97
358.594	1096.58	1584.73
357.904	1098.08	1583.08
357.514	1098.65	1582.13
358.482	1096.22	1577.7
359.122	1095.2	1574.65
359.168	1095.68	1571.76
359.421	1096.04	1570.13
359.025	1097.55	1570.5
358.813	1098.43	1570.84
360.138	1097.35	1566.06
361.385	1096.46	1563.42
361.675	1097.23	1564.92
361.467	1097.94	1565.34
361.608	1098.67	1563.88
361.543	1098.32	1562.82
362.072	1096.91	1559.14
361.671	1096.38	1555.6
360.539	1096.17	1552.4
360.712	1096	1551.54
360.945	1095.67	1550.56
360.477	1095.83	1549
360.528	1095.24	1543.81
362.083	1094.93	1542.41
362.949	1096.54	1545.11
362.487	1097.44	1545.53
363.559	1095.85	1541.28
363.801	1094.97	1537.79
363.251	1095.81	1533.87
362.769	1096.35	1531.11
362.537	1095.77	1526.78
363.325	1095.16	1525.19
363.664	1095.76	1524.96
363.334	1096.5	1524
363.33	1096.91	1520.98
363.827	1096.62	1519.72
364.818	1095.84	1517.04
364.685	1095.88	1514.12
364.785	1095.57	1508.69
365.228	1095.44	1505.57
365.007	1096.45	1503.84
365.275	1096.58	1503.33
366.502	1095.02	1501.01
366.97	1094.16	1498.98
367.5	1093.76	1495.25
368.192	1094.19	1493.11
368.764	1095.78	1490.82
368.434	1096.04	1488.49
368.166	1095.71	1485.09
368.42	1095.43	1483.4
369.058	1094.18	1480.98
369.547	1093.37	1479.44
370.125	1093.04	1476.36
370.635	1093.13	1474.42
371.554	1092.91	1471.26
371.723	1093.43	1468.48
371.656	1094.78	1465.14
371.635	1094.29	1463.19
371.906	1093.02	1459.53
372.658	1093.2	1457.66
373.438	1094.12	1455.62
373.028	1094.45	1453.12
373.688	1092.65	1446.27
375.286	1091.74	1443.14
375.668	1093.74	1443.89
374.804	1094.23	1443.13
374.537	1093.65	1438.36
374.732	1093.69	1435.6
375.262	1092.86	1431.78
375.933	1092.39	1429.63
377.528	1090.92	1424.35
378.599	1089.91	1420.87
378.95	1090.44	1419.11
378.936	1090.91	1417.62
379.721	1090.07	1413.6
380.521	1090.06	1411.17
381.279	1090.82	1408.66
381.486	1090.65	1406.74
381.965	1090.35	1402.93
382.663	1090.05	1400.89
383.859	1089.2	1397.68
384.058	1088.64	1394.81
384.05	1088.28	1391.41
384.92	1088.34	1390.15
386.941	1087.25	1386.3
387.249	1086.22	1382.54
386.83	1086.1	1379.44
387.255	1086.2	1378.19
387.958	1086.22	1376.16
388.378	1086.53	1374.7
389.542	1086.3	1370.65
390.505	1086.18	1368.18
391.265	1087.21	1366.18
391.987	1087.86	1365.11
393.773	1087.41	1362.06
394.458	1086.71	1359.5
395.313	1085.96	1356.11
395.695	1085.52	1353.62
396.65	1084.05	1349.18
398.497	1083.38	1347.6
400.607	1083.63	1346.68
401.464	1084.15	1345.35
402.266	1086.08	1343.98
402.514	1087.04	1342.8
404.349	1085.51	1338.01
405.184	1083.7	1334.52
405.33	1082.87	1332.36
405.75	1082.76	1331.21
406.31	1082.91	1329.26
406.631	1082.91	1327.92
407.41	1082.15	1325.66
408.839	1082.44	1325.04
410.783	1083.6	1323.84
411.691	1083.62	1322.73
413.223	1083.12	1321.13
414	1083.27	1319.68
414.78	1084.08	1318.74
415.325	1084.27	1318.2
416.75	1083.56	1315.54
417.901	1083.27	1313.97
419.004	1083.9	1313.38
419.426	1084.14	1312.68
420.493	1083.67	1310.53
421.625	1083.19	1309.6
424.083	1081.19	1305.9
425.399	1080.18	1303.02
425.729	1081.76	1302.89
426.48	1083.15	1303.33
428.529	1083.18	1302.36
428.988	1082.51	1300.84
429.448	1082.23	1298.46
431.159	1082.63	1298.32
434.011	1082.58	1297.61
434.634	1082.15	1295.8
434.898	1082.89	1294.55
435.787	1083.73	1294.43
437.036	1085.23	1294.25
437.142	1085.54	1293.46
438.533	1083.21	1290.09
440.109	1082.11	1288.48
441.557	1082.24	1288.35
442.915	1083.23	1288.52
444.842	1085.12	1288.56
445.69	1085.18	1288.35
447.405	1084.39	1286.93
448.613	1084.35	1285.96
450.228	1084.63	1285.17
450.885	1084.52	1284.25
451.762	1084.47	1283.43
452.983	1084.51	1283.55
455.088	1084.22	1282.48
456.314	1084.47	1281.49
457.342	1086.37	1282.44
457.718	1087.43	1282.79
459.561	1086.63	1279.32
461.667	1086.29	1277.91
463.747	1087.77	1279.3
464.787	1088.55	1279.9
466.703	1088.93	1280.01
467.335	1088.83	1279.46
468.531	1088.27	1277.6
470.153	1088.24	1277.17
472.236	1088.68	1278.2
473.043	1088.83	1278.3
474.441	1088.92	1277.21
475.502	1088.84	1276.65
476.668	1089.75	1276.56
477.733	1090.41	1276.79
480.004	1089.69	1276.16
481.427	1089.76	1275.55
483.447	1090.29	1274.31
484.695	1090.31	1273.44
485.587	1092.23	1275.59
486.155	1093.47	1277.01
488.241	1092.9	1274.84
490.174	1092.55	1273.96
492.321	1093.41	1275.7
492.864	1093.54	1276.02
494.11	1093	1274.44
495.918	1093.42	1274.26
498.099	1095.15	1275.77
499.088	1095.79	1276.4
501.136	1095.35	1276.19
502.502	1095.37	1275.99
504.23	1096.22	1276.21
505.489	1096.52	1276.53
507.719	1096.25	1275.71
509.267	1095.97	1275.25
511.004	1096.77	1276.73
511.556	1097.67	1277.03
512.807	1098.08	1276.01
514.061	1097.93	1275.84
515.891	1097.91	1275.41
517.431	1098.07	1275.42
519.509	1098.71	1276.75
520.185	1099.15	1276.92
521.576	1098.95	1275.79
523.319	1099.03	1275.83
525.747	1099.61	1276.4
526.983	1099.76	1276.43
529.078	1099.45	1275.55
530.479	1099.41	1274.94
532.205	1100.17	1275.67
533.729	1100.47	1276.56
535.826	1101.52	1277.85
536.313	1102.01	1277.83
537.501	1101.46	1277.3
538.195	1101.15	1276.83
539.149	1101.02	1275.57
540.625	1101.34	1275.49
542.536	1102.47	1277.06
544.017	1103.39	1278.28
546.809	1103.54	1276.92
547.976	1103.01	1275.44
549.07	1103.73	1276.26
550.488	1104.55	1277.43
552.827	1105.33	1277.81
553.508	1105.81	1277.21
554.673	1106.04	1276.92
556.759	1106.28	1277.99
559.592	1107.4	1280.7
560.059	1107.68	1281.2
561.368	1106.59	1279.15
563.053	1106.38	1278.49
564.877	1107.96	1279.19
564.904	1108.29	1278.62
564.896	1108.76	1279.67
567.052	1110.08	1282.31
571.052	1110.09	1283.37
572.305	1109.77	1282.75
573.541	1111.05	1283.41
575.301	1112.09	1284.73
578.088	1113.27	1286.25
577.581	1112.86	1285.17
576.809	1112.24	1284.46
578.71	1113.27	1286.1
581.383	1115.33	1289.53
583.722	1116.68	1292.36
587.55	1117.86	1294.61
586.936	1117.11	1293.3
585.465	1117.46	1295.24
587.11	1118.9	1298.88
589.805	1120.51	1301.73
590.349	1121.13	1302.48
590.979	1122.58	1305
592.512	1123.99	1307.7
595.323	1124.66	1309.66
597.028	1125	1310.82
598.86	1127.66	1316.62
600.113	1129.39	1320.54
602.382	1130.87	1324.33
603.638	1131.86	1326.6
605.103	1134.65	1331.84
606.77	1136.7	1335.98
609.42	1139.39	1341.76
609.303	1140.21	1343.93
609.396	1140.6	1346.37
611.249	1142.19	1349.57
613.711	1145.62	1355.14
613.858	1146.62	1357.58
614.333	1147.37	1360.78
615.733	1148.58	1363.89
617.532	1151.41	1370.18
618.809	1153.35	1374.46
621.114	1155.07	1379.44
622.039	1156.21	1382.15
623.25	1158.54	1387.46
624.234	1159.72	1391.25
625.754	1161.32	1395.56
627.231	1162.58	1398.88
629.51	1164.36	1404.74
630.289	1165.52	1407.91
631.148	1168.28	1413.01
631.114	1169.72	1415.86
631.331	1170.97	1419.06
632.58	1171.98	1422.31
634.659	1172.91	1427.57
635.183	1173.67	1430.16
635.625	1175.92	1433.71
636.454	1177.07	1436.71
637.762	1178.68	1442.18
638.278	1180.01	1445.42
639.343	1180.89	1447.51
640.27	1181.47	1449.13
641.763	1182	1451.11
641.66	1181.58	1451.41
641.243	1182.08	1455.54
642.502	1183.48	1459.74
644.559	1184.86	1463.31
645.215	1185.36	1465.01
645.826	1187.48	1469.19
645.645	1188.76	1471.39
646.027	1188.32	1471.74
647.368	1188.34	1473.08
648.953	1189.94	1476.96
649.338	1190.99	1478.84
650.199	1191.55	1480.63
650.502	1191.22	1481.66
650.549	1192.22	1485.01
651.148	1193.67	1487.72
652.133	1195.52	1491.26
652.175	1196.31	1493.03
652.556	1196.23	1493.37
652.934	1196.42	1493.69
653.55	1196.67	1495.35
654.646	1196.81	1497.2
655.831	1198.78	1502.16
655.207	1199.4	1504.07
654.685	1198.6	1503.49
655.588	1198.82	1504.32
657.003	1199.12	1506.94
657.354	1199.2	1508.07
658.127	1198.31	1508.04
659.173	1197.62	1508.62
660.115	1198.95	1511.93
660.147	1199.32	1513.59
660.48	1198.82	1514.98
660.787	1199.15	1515.89
661.38	1199.08	1516.25
661.855	1199.21	1516.55
662.218	1200.91	1519.99
662.844	1200.95	1522.89
663.838	1200.7	1526.03
663.66	1201.53	1527.04
663.473	1202.42	1527.75
664.074	1202.56	1529.09
664.976	1203.02	1532.94
665.089	1203.05	1535.03
665.709	1201.44	1536.65
666.981	1201.76	1538.43
668.109	1205.13	1543.29
668.41	1205.66	1546.33
669.253	1204.97	1549.38
669.727	1205.15	1551.21
670.287	1206	1554.63
670.81	1206.6	1557.06
672.092	1205.42	1557.52
672.761	1204.77	1557.6
673.582	1204.78	1560.53
673.694	1203.66	1562.19
673.758	1202.46	1565.48
675.048	1203.16	1568.81
676.236	1207.12	1576.26
676.347	1208.62	1580.68
677.433	1207.57	1585.79
678.303	1207.09	1589.33
678.979	1208.69	1595.88
679.368	1209.94	1600.17
680.36	1210.05	1603.85
680.807	1209.76	1606.12
681.434	1209.67	1610.9
682.522	1210.05	1614.79
683.993	1211.28	1621.13
684.933	1212.05	1625.34
686.705	1212.04	1631.94
686.84	1211.5	1635.24
686.263	1213.65	1641.98
687.122	1215.28	1647.88
688.999	1215.31	1653.99
689.323	1215.35	1657.01
689.491	1216.9	1664.02
690.713	1218.34	1669.93
692.702	1220.25	1680.24
693.372	1220.68	1686.51
694.818	1219.42	1693.44
694.88	1218.39	1697.04
694.313	1219.33	1703.63
695.336	1220.51	1709.59
697.268	1220.77	1717.48
697.527	1220.39	1721.62
698.001	1219.95	1730.44
699.081	1219.72	1737.24
700.326	1220.56	1746.28
700.079	1221.01	1751.06
700.012	1220.54	1757.7
700.706	1220.82	1762.95
701.427	1222.64	1772.22
702.073	1223.26	1778.71
703.326	1223	1787.02
703.682	1222.4	1792.06
704.22	1221.25	1798.25
704.397	1221.61	1802.02
705.118	1220.82	1809.4
705.321	1219.38	1814.1
704.786	1220.37	1821.98
705.461	1221.29	1828.49
707.006	1220.44	1836.05
706.627	1219.74	1839.38
705.936	1219.16	1844.61
707.184	1219.71	1850.12
709.064	1220.47	1857.92
709.323	1220.01	1862.02
709.791	1219.34	1869.98
709.823	1219.34	1874.9
710.164	1217.83	1879.45
710.79	1216.69	1883
710.98	1218.66	1894.3
710.064	1220	1900.55
709.793	1215.91	1896.77
710.199	1212.98	1895.02
709.832	1213.94	1904.09
709.85	1214.5	1910.5
710.176	1213.66	1916.31
709.58	1213.36	1919.12
708.665	1213.06	1923.95
709.634	1213.11	1929.18
711.49	1211.44	1935.11
711.109	1210.05	1937.01
710.055	1209.85	1940.55
709.887	1210.37	1943.53
709.883	1210.06	1946.94
710.05	1209.26	1949.51
710.66	1206.46	1951.5
710.497	1204.56	1952.08
709.771	1203.88	1955.73
710.018	1203.68	1959.09
710.145	1205	1969.43
709.456	1205.4	1975.4
709.085	1202.25	1974.77
708.685	1199.49	1974.22
707.781	1197.3	1979.83
708.11	1197.12	1984.66
708.782	1195.56	1986.98
708.127	1193.71	1987.17
707.034	1191.81	1991.43
706.954	1191.25	1995.06
706.518	1191.34	1997.94
705.737	1189.91	1999.37
705.049	1186.09	2003.21
705.415	1185.18	2006.7
705.863	1183.87	2008.82
704.82	1181.88	2008.56
703.082	1180.03	2012.74
702.507	1179.21	2016.26
701.672	1177.8	2021.05
702.298	1176.96	2025.83
702.915	1177.05	2033.95
702.384	1177.54	2038.05
701.84	1177.17	2042.84
700.837	1175.62	2045.3
699.679	1171.8	2047.39
700.173	1170.83	2050.35
700.994	1168.87	2052.63
700.431	1165.85	2052.81
698.849	1164.73	2059.57
698.414	1165.05	2064.82
698.439	1162.44	2067
698.551	1160.46	2068.61
698.535	1158.48	2075.24
698.201	1157.29	2079.21
697.594	1155.79	2083.1
697.683	1154.05	2086.46
697.934	1150.93	2090.92
696.833	1149.5	2092.09
694.847	1148.89	2097.47
695.215	1148.31	2103.44
696.056	1146.2	2110.19
695.877	1144.64	2113.67
695.716	1141.86	2118.85
695.658	1140.44	2122.33
695.254	1139.67	2128.99
694.702	1138.88	2133.07
694.115	1136.56	2135.72
693.581	1134.37	2137.34
692.616	1131.88	2143.33
692.488	1131.39	2147.97
692.29	1130.69	2155.71
691.491	1129.15	2160.02
690.937	1124.02	2160.96
692.312	1121.4	2164.01
693.305	1122.15	2178.13
692.665	1122.34	2185.75
692	1121.31	2194.46
691.574	1121.09	2200.28
691.319	1119.05	2202.27
691.545	1117.6	2204.19
691.65	1116.46	2211.2
691.556	1115.27	2215.68
691.613	1112.66	2221.4
691.509	1110.92	2225
690.923	1110.14	2234.66
690.384	1109.23	2240.93
690.035	1105.89	2246.88
690.066	1104.53	2251.2
689.6	1104.65	2259.48
688.567	1105.06	2263.93
687.038	1105.54	2273.09
687.582	1105.13	2281.61
688.587	1103.75	2290.52
688.076	1103	2294.69
688.252	1097.87	2297.01
688.289	1093.91	2298.46
687.635	1090.98	2305.3
688.034	1089.63	2311.1
687.697	1091.71	2323.19
686.827	1093.53	2330.27
686.629	1091.53	2335.95
686.764	1089.86	2340.17
686.255	1090.42	2349.67
685.781	1090.03	2355.85
685.649	1086.97	2362.53
685.524	1086.15	2366.87
685.072	1086.06	2374.01
684.563	1085.46	2378.49
683.834	1084.35	2386.31
683.558	1082.65	2391.91
683.139	1080.08	2400.91
684.067	1080.01	2408.77
685.432	1080.13	2418.23
685.456	1079.33	2423.18
685.459	1078.16	2435.42
684.61	1078.26	2442.24
683.485	1077.91	2446.96
682.777	1076.75	2450.22
682.118	1073.25	2454.09
682.084	1071.42	2457.3
682.027	1068.65	2462.52
682.435	1066.71	2466.72
681.478	1070.57	2482.02
680.137	1072.68	2491.14
680.419	1066.32	2488.82
681.475	1062.66	2488.65
681.722	1062.67	2499.61
681.478	1062.6	2506.28
681.192	1061.98	2518.8
680.307	1061.02	2526.07
679.225	1058.67	2533.12
679.25	1057.34	2539.07
679.263	1055.75	2543.98
678.666	1054.85	2546.24
677.667	1053.75	2552.89
677.308	1053.48	2557.84
676.997	1052.15	2563.1
677.302	1050.62	2567.5
677.501	1049.2	2578.44
677.142	1048.75	2584.92
676.448	1048.72	2595.42
677.066	1048.16	2604.32
678.478	1045.63	2610.3
677.917	1044.6	2611.72
676.795	1044.07	2617.61
676.457	1043.14	2622.27
676.346	1040.19	2625.35
675.85	1038.31	2626.68
674.152	1039.13	2638.83
674.849	1040.53	2650.12
677.168	1037.72	2654.51
676.241	1034.85	2653.17
673.602	1035.59	2660.92
672.889	1036.28	2667.93
672.316	1035.06	2677.98
672.927	1034.73	2686.44
674.039	1033.63	2695.95
673.305	1031.79	2699.71
672.705	1027.09	2700.45
672.666	1025.08	2701.58
672.241	1023.74	2703.88
671.676	1021.77	2704.92
670.41	1020.06	2714.01
670.767	1019.92	2722.23
671.984	1017.37	2725.71
672.468	1016.64	2727.45
672.948	1016.11	2736.04
672.45	1014.21	2740.32
671.553	1012.32	2744.66
672.587	1011.86	2750.48
674.038	1011.53	2761
672.052	1009.78	2762.73
668.919	1007.77	2766.46
668.321	1007.05	2771.64
668.349	1002.36	2771.81
670.049	1000.63	2774.97
671.31	1003.36	2788.84
670.079	1002.99	2794.33
669.246	998.05	2798.44
670.434	997.449	2804.41
672.061	997.768	2809.19
672.36	997.222	2810.93
673.379	993.601	2813.49
673.406	990.038	2813.98
671.773	991.655	2826.76
670.628	993.478	2835.23
670.51	990.192	2831.94
671.205	988.298	2831.18
671.699	987.076	2839.2
670.657	984.721	2842.01
667.677	987.091	2854.92
666.927	989.704	2865.87
668.354	983.459	2864.81
668.741	979.583	2863.04
667.802	980.547	2866.16
668.235	982.087	2870.23
669.628	980.681	2877.41
669.221	977.358	2879.64
668.818	972.156	2876.63
668.32	969.534	2874.23
667.121	966.353	2881.92
668.242	965.55	2890.69
669.041	969.42	2900.26
668.208	971.205	2904.02
668.45	966.532	2909.72
669.024	963.266	2914.25
669.633	959.674	2920.52
669.15	957.062	2923
667.469	958.112	2928.15
667.294	959.13	2933.37
667.811	957.665	2933.84
667.592	955.652	2933.03
666.848	953.364	2941.51
666.867	953.241	2948.23
667.098	952.347	2956.08
666.387	951.03	2959.63
665.284	949.315	2964.31
666.624	949.22	2971.48
668.946	948.863	2972.93
668.274	947.63	2969.58
666.957	945.958	2974.71
666.387	944.754	2978.72
665.875	941.625	2981.87
666.593	940.706	2986.08
667.983	938.489	2987.16
667.818	936.066	2985.72
666.902	934.723	2991.29
666.824	932.795	2996.01
667.287	928.011	2995.86
668.424	927.41	2997.49
668.864	930.932	3014.32
668.733	932.347	3024.76
669.976	929.525	3023.57
669.618	926.632	3020.41
668.689	922.808	3025.37
668.622	920.139	3029.75
667.919	919.859	3033.66
668.293	920.63	3037.95
669.145	920.164	3045.06
669.131	920.081	3048.68
670.215	915.375	3046.24
670.209	912.241	3043.14
668.8	913.341	3049.27
667.33	912.777	3052.27
666.207	907.978	3045.8
666.329	905.056	3043.23
665.663	903.396	3049.99
664.714	903.274	3053.55
663.534	903.191	3051.02
664.213	902.758	3052.21
665.446	900.62	3055.91
665.38	899.969	3056.66
665.105	899.952	3057.67
666.618	898.654	3061.63
668.956	895.541	3072.46
667.729	893.486	3074.17
665.597	892.193	3075.42
665.85	891.782	3079.62
667.363	887.478	3072.51
668.122	885.256	3067.33
668.677	882.723	3072.37
668.322	880.651	3074.24
667.332	880.558	3075.15
667.357	880.031	3077.1
667.228	879.123	3085.35
665.958	879.057	3088.51
664.175	879.475	3087.07
665.688	878.74	3091.45
668.734	873.555	3097.43
667.296	869.971	3094.46
664.872	866.485	3088.08
664.926	865.593	3087.26
665.133	863.622	3085.6
665.513	862.24	3084.98
665.694	861.327	3089.01
665.971	859.662	3091.96
666.525	857.161	3092.65
666.045	856.035	3091.43
665.539	852.638	3091.88
665.224	851.278	3092.24
663.87	854.143	3094.15
662.945	854.05	3095.25
662.621	848.449	3094.11
663.425	846.057	3095.47
663.934	846.211	3098.79
664.074	846.373	3100.6
664.918	843.355	3101.73
665.104	841.832	3101.73
665.098	841.533	3100.31
664.969	839.666	3099.02
665.068	835.418	3095.95
663.237	832.756	3090.09
660.95	827.111	3077.46
662.357	824.475	3075
663.089	824.923	3087.04
661.312	824.329	3090.49
659.289	822.662	3083.4
659.468	822.557	3081.79
659.963	820.621	3081.15
659.864	817.812	3079.78
659.613	814.071	3078.34
660.033	812.557	3078.62
660.618	809.928	3081.55
660.674	809.007	3082.87
660.898	809.24	3075.41
660.274	808.305	3068.84
658.987	805.756	3071.76
658.357	803.657	3074.14
658.687	796.272	3064.63
658.676	791.681	3057.84
657.513	789.119	3057.91
657.293	787.516	3059.07
656.922	787.352	3054.28
656.65	787.802	3051.04
656.573	785.835	3048.34
656.348	783.396	3046.13
655.561	781.331	3046.92
655.842	781.375	3049.13
656.282	780.031	3057.13
655.774	777.84	3060.79
655.619	774.849	3052.39
654.549	773.628	3044.92
653.23	770.314	3033.22
653.603	767.653	3027.91
653.533	764.538	3030
654.771	763.553	3034
656.213	764.872	3039.51
654.908	765.005	3038.63
654.611	759.591	3022.12
655.122	755.171	3012.55
654.716	751.758	3011.59
654.149	750.279	3010.42
652.814	749.858	3012.64
651.979	749.582	3014.23
652.413	744.471	2998.38
652.869	741.434	2988.24
651.918	740.01	2995.04
651.21	738.306	2999.4
650.85	735.299	2994.02
651.238	733.273	2991.67
651.596	730.906	2990.42
650.529	730.451	2987.08
648.995	729.956	2980.42
648.605	727.909	2977.14
649.152	720.654	2963.39
649.424	717.11	2954.15
647.993	717.994	2956.78
647.286	718.631	2959.01
646.935	717.28	2955.92
646.612	715.662	2953.66
646.124	712.081	2953.51
645.94	709.808	2953.69
646.467	705.749	2941.71
647.118	703.125	2934.36
647.103	701.315	2935.04
645.798	700.114	2932.98
644.751	695.939	2920.57
645.839	692.529	2915.74
646.668	688.9	2918.37
645.85	687.308	2917.53
645.32	684.443	2905.85
644.642	682.985	2897.5
642.943	681.614	2894.37
642.402	680.434	2893.4
641.935	677.261	2889.63
640.958	674.567	2885.82
639.066	672.297	2883.01
639.668	671.539	2884.73
641.683	668.234	2874.58
640.791	664.605	2863.55
638.525	661.893	2855.85
638.994	661.311	2854.51
640.186	657.744	2850.86
639.379	655.153	2845.4
637.805	652.371	2840.49
638.184	650.223	2839.9
638.381	650.004	2838.3
637.031	649.953	2834.43
636.034	643.733	2826.65
635.726	639.794	2822.11
635.13	637.219	2810.88
636.229	635.516	2806.22
637.063	633.583	2809.73
635.309	632.092	2807.74
633.385	629.617	2795.32
633.392	628.114	2789.48
632.781	626.671	2787.94
632.066	625.839	2786.34
631.249	622.676	2784.1
631.221	620.71	2783.56
631.569	617.926	2777.09
631.201	615.609	2771.66
630.739	612.262	2762.19
629.448	609.788	2754.08
627.312	606.216	2744.63
627.439	604.151	2741.21
626.84	603.802	2741.77
626.05	603.344	2741.4
625.917	599.241	2733.13
626.472	597.275	2728.84
627.324	594.375	2722.04
627.326	592.554	2716.5
626.547	592.914	2713.19
624.937	591.947	2708.94
623.508	585.944	2697.9
623.483	582.475	2692.26
622.993	580.549	2684.34
622.313	578.973	2678.43
621.269	575.798	2671.29
621.294	574.777	2667.89
621.221	573.125	2664.35
620.158	570.639	2660.11
618.658	566.358	2653.63
618.171	564.121	2650.25
617.371	561.204	2645.4
617.517	559.555	2643.39
618.114	557.079	2635.97
617.295	554.971	2628.86
616.002	551.108	2620.16
616.223	548.672	2616.3
616.457	546.76	2609.26
616.311	546.09	2604.06
615.914	543.696	2600.29
614.44	540.356	2595.59
612.53	535.495	2585.22
613.417	534.624	2582.2
614.469	533.34	2580.66
613.748	531.375	2577.12
612.722	530.199	2569.06
611.708	529.007	2563.11
610.585	525.059	2552.82
610.883	522.572	2547.81
610.447	520.117	2548.15
609.439	518.326	2547.13
608.733	515.474	2537.31
607.458	514.152	2529.44
605.814	510.37	2517.34
607.322	508.304	2513.76
609.158	506.6	2511.1
607.471	504.466	2504.36
605.087	501.126	2493.16
605.257	499.055	2488.69
605.409	496.526	2482.42
604.784	495.617	2477.06
603.367	493.904	2474.23
603.013	491.604	2473.31
602.883	488.154	2468.01
601.928	485.987	2463.03
601.112	481.933	2450.63
601.729	479.964	2444.37
602.407	477.65	2436.72
601.557	475.478	2429.47
599.603	472.605	2424.83
598.534	471.226	2422.14
597.563	468.847	2412.57
597.66	466.937	2407.43
597.834	463.192	2400.37
598.107	460.981	2395.94
598.127	459.676	2391
596.933	458.366	2385.72
595.861	454.158	2373.57
595.527	452.132	2366.15
593.936	451.079	2363.11
593.324	449.367	2361.77
593.293	445.808	2352.8
592.492	444.379	2345.62
591.025	442.306	2337.28
590.967	440.401	2333.2
590.941	437.975	2326.23
590.69	436.02	2321.21
590.007	433.358	2316.14
589.401	432.911	2312.57
588.932	430.125	2305.28
588.521	427.258	2300.25
587.83	424.772	2292
587.35	423.063	2286.49
586.816	420.189	2277.02
585.604	418.211	2269.39
583.966	414.506	2257.31
583.75	412.453	2250.66
582.817	409.448	2245.59
583.019	407.237	2243.49
583.816	405.163	2235.56
583.863	403.68	2229.54
583.388	402.156	2224.4
581.138	401.326	2218.02
578.162	398.995	2206.36
578.635	397.367	2202.37
579.489	393.995	2195.92
579.12	391.606	2190.21
578.359	388.894	2182.77
577.28	387.146	2176.97
575.832	384.742	2166.98
575.398	383.674	2161.17
574.615	381.963	2153.58
