43113.3	-0.56529	0.0336174	-0.35751	786.123	847.094	2129.94	
43116.7	-0.564625	0.0318165	-0.368538	833.954	898.011	2260.31	
43121.7	-0.564426	0.0311615	-0.373192	851.377	916.57	2308.2	
43125	-0.564326	0.030802	-0.375672	860.134	925.968	2332.93	
43130	-0.564228	0.0302396	-0.377659	865.167	931.53	2347.96	
43133.3	-0.564114	0.0295707	-0.379383	868.414	935.34	2358.09	
43138.3	-0.564078	0.0293153	-0.381058	870.54	938.031	2365.32	
43141.7	-0.56404	0.0294107	-0.38273	872.109	939.981	2370.9	
43146.7	-0.563894	0.0297771	-0.383939	873.304	941.467	2375.31	
43150	-0.563685	0.0300196	-0.384502	874.254	942.69	2378.86	
43155	-0.563492	0.0302227	-0.384897	874.989	943.685	2381.76	
43158.3	-0.563384	0.030587	-0.385272	875.577	944.531	2384.18	
43163.3	-0.563309	0.0311053	-0.385435	876.049	945.267	2386.19	
43166.7	-0.563238	0.031681	-0.385712	876.295	945.836	2387.7	
43171.7	-0.563098	0.0319971	-0.386229	876.296	946.206	2388.74	
43175	-0.562945	0.0320836	-0.386497	876.336	946.514	2389.69	
43180	-0.56281	0.032295	-0.386408	876.404	946.844	2390.67	
43183.3	-0.562691	0.0327763	-0.38645	876.415	947.175	2391.57	
43188.3	-0.562619	0.033516	-0.386657	876.361	947.434	2392.27	
43191.7	-0.562553	0.0340687	-0.38675	876.26	947.607	2392.79	
43196.7	-0.56254	0.0345579	-0.386968	876.074	947.726	2393.26	
43200	-0.562558	0.0351124	-0.38726	875.886	947.815	2393.76	
43205	-0.562548	0.0355584	-0.387389	875.714	947.828	2394.16	
43208.3	-0.562482	0.035838	-0.387561	875.52	947.79	2394.45	
43213.3	-0.562301	0.0358141	-0.387801	875.294	947.701	2394.62	
43216.7	-0.562124	0.0358892	-0.38803	875.052	947.612	2394.75	
43221.7	-0.562015	0.0362023	-0.388304	874.773	947.501	2394.8	
43225	-0.56197	0.0364632	-0.388529	874.512	947.349	2394.85	
43230	-0.561966	0.0366681	-0.388611	874.269	947.195	2394.98	
43233.3	-0.561871	0.0366997	-0.388773	874.029	947.059	2395.14	
43238.3	-0.561693	0.0365829	-0.389195	873.775	946.92	2395.23	
43241.7	-0.561593	0.0366465	-0.389421	873.476	946.807	2395.2	
43246.7	-0.56157	0.037037	-0.389385	873.097	946.744	2395.1	
43250	-0.561543	0.0375225	-0.389429	872.703	946.695	2395	
43255	-0.561522	0.0380503	-0.389459	872.29	946.635	2394.93	
43258.3	-0.561509	0.0385675	-0.389428	871.889	946.56	2394.91	
43263.3	-0.561455	0.0390367	-0.389228	871.496	946.49	2394.93	
43266.7	-0.561371	0.0393815	-0.389007	871.104	946.408	2394.96	
43271.7	-0.561309	0.0396662	-0.388954	870.682	946.28	2394.93	
43275	-0.561241	0.0400341	-0.388933	870.263	946.182	2394.89	
43280	-0.561127	0.0403406	-0.388835	869.856	946.099	2394.76	
43283.3	-0.561022	0.0405766	-0.388735	869.407	945.954	2394.51	
43288.3	-0.56093	0.0407723	-0.388818	868.876	945.702	2394.08	
43291.7	-0.560798	0.0409057	-0.388882	868.371	945.47	2393.64	
43296.7	-0.560626	0.0410017	-0.388874	867.879	945.308	2393.2	
43300	-0.560531	0.0411656	-0.388984	867.368	945.132	2392.76	
43305	-0.560496	0.0414801	-0.38903	866.823	944.936	2392.3	
43308.3	-0.560394	0.0416484	-0.388999	866.321	944.746	2391.88	
43313.3	-0.56026	0.0414977	-0.389176	865.863	944.528	2391.57	
43316.7	-0.560135	0.0412399	-0.389421	865.388	944.298	2391.26	
43321.7	-0.559991	0.041122	-0.389412	864.867	944.071	2390.84	
43325	-0.559873	0.0413058	-0.389315	864.33	943.858	2390.38	
43330	-0.559776	0.0415646	-0.389387	863.763	943.658	2389.86	
43333.3	-0.559684	0.041791	-0.389534	863.2	943.469	2389.32	
43338.3	-0.559557	0.0421956	-0.389588	862.623	943.269	2388.81	
43341.7	-0.559421	0.0426523	-0.389479	862.049	943.086	2388.33	
43346.7	-0.559311	0.0430916	-0.38927	861.464	942.899	2387.8	
43350	-0.559171	0.0433732	-0.389127	860.885	942.668	2387.26	
43355	-0.559018	0.0435584	-0.389054	860.287	942.416	2386.71	
43358.3	-0.558914	0.0437987	-0.388891	859.702	942.193	2386.2	
43363.3	-0.558822	0.043887	-0.388564	859.137	941.968	2385.67	
43366.7	-0.558673	0.0437511	-0.388231	858.601	941.732	2385.14	
43371.7	-0.558477	0.0434309	-0.388053	858.073	941.454	2384.56	
43375	-0.558289	0.0431396	-0.388017	857.503	941.142	2383.9	
43380	-0.558095	0.0429044	-0.387991	856.861	940.814	2383.11	
43383.3	-0.557974	0.0428176	-0.387865	856.224	940.502	2382.32	
43388.3	-0.557942	0.0428865	-0.387654	855.578	940.19	2381.58	
43391.7	-0.557891	0.0429468	-0.387543	854.969	939.897	2380.91	
43396.7	-0.557813	0.0429745	-0.387587	854.397	939.617	2380.25	
43400	-0.557726	0.0429836	-0.387549	853.859	939.351	2379.6	
43405	-0.557639	0.0431241	-0.387283	853.349	939.117	2378.99	
43408.3	-0.557507	0.0431671	-0.387124	852.79	938.844	2378.33	
43413.3	-0.557274	0.0427296	-0.387261	852.162	938.468	2377.51	
43416.7	-0.55708	0.0422634	-0.387386	851.558	938.09	2376.7	
43421.7	-0.557008	0.0422672	-0.387483	850.933	937.735	2375.87	
43425	-0.556997	0.0425579	-0.387515	850.303	937.426	2375.02	
43430	-0.557014	0.0430083	-0.387422	849.666	937.162	2374.19	
43433.3	-0.55699	0.0433668	-0.387273	849.032	936.911	2373.38	
43438.3	-0.556914	0.04337	-0.386989	848.399	936.697	2372.6	
43441.7	-0.556831	0.0431628	-0.386717	847.826	936.494	2371.93	
43446.7	-0.556728	0.0428921	-0.386416	847.308	936.298	2371.35	
43450	-0.556625	0.042686	-0.386237	846.763	936.094	2370.77	
43455	-0.556501	0.0424566	-0.386163	846.167	935.869	2370.11	
43458.3	-0.556397	0.0423213	-0.385936	845.576	935.673	2369.45	
43463.3	-0.556378	0.0424432	-0.385738	844.958	935.496	2368.76	
43466.7	-0.556355	0.0425198	-0.385587	844.387	935.321	2368.13	
43471.7	-0.556329	0.0426314	-0.385487	843.859	935.143	2367.54	
43475	-0.556337	0.0428671	-0.385509	843.29	934.954	2366.9	
43480	-0.556304	0.0429103	-0.38555	842.67	934.757	2366.15	
43483.3	-0.556207	0.0426763	-0.385427	842.053	934.554	2365.34	
43488.3	-0.556097	0.0423474	-0.385277	841.4	934.275	2364.41	
43491.7	-0.556036	0.0421223	-0.385262	840.755	933.962	2363.46	
43496.7	-0.556005	0.0417819	-0.385393	840.116	933.627	2362.54	
43500	-0.555985	0.0413878	-0.385671	839.481	933.287	2361.64	
43505	-0.555968	0.0411755	-0.386043	838.819	932.947	2360.64	
43508.3	-0.555922	0.0410778	-0.386289	838.169	932.625	2359.61	
43513.3	-0.555858	0.0409504	-0.386455	837.525	932.3	2358.55	
43516.7	-0.555792	0.0407086	-0.38664	836.913	931.997	2357.51	
43521.7	-0.555677	0.0404595	-0.386773	836.32	931.743	2356.51	
43525	-0.555601	0.0403284	-0.386812	835.702	931.49	2355.5	
43530	-0.555609	0.0401506	-0.386633	835.047	931.201	2354.46	
43533.3	-0.555597	0.0398813	-0.386477	834.42	930.883	2353.48	
43538.3	-0.555578	0.0397452	-0.386612	833.786	930.52	2352.51	
43541.7	-0.555555	0.0396405	-0.386882	833.16	930.15	2351.56	
43546.7	-0.555499	0.0394918	-0.387112	832.534	929.819	2350.7	
43550	-0.555466	0.0394185	-0.387155	831.893	929.536	2349.87	
43555	-0.555484	0.0394777	-0.387164	831.204	929.261	2348.91	
43558.3	-0.555512	0.0395463	-0.387239	830.537	928.985	2347.95	
43563.3	-0.555551	0.0397227	-0.387206	829.892	928.657	2346.95	
43566.7	-0.555602	0.040118	-0.387229	829.256	928.304	2345.94	
43571.7	-0.555652	0.0407644	-0.387242	828.612	927.951	2344.88	
43575	-0.55564	0.0413024	-0.387146	827.973	927.61	2343.76	
43580	-0.555531	0.0414061	-0.387105	827.323	927.294	2342.61	
43583.3	-0.555419	0.0413247	-0.386976	826.68	927.014	2341.45	
43588.3	-0.555294	0.0411905	-0.386709	826.015	926.812	2340.29	
43591.7	-0.555143	0.0410433	-0.386615	825.363	926.621	2339.18	
43596.7	-0.555014	0.0409416	-0.386932	824.704	926.365	2338.09	
43600	-0.554958	0.0409141	-0.387371	824.044	926.08	2337.02	
43605	-0.55493	0.0408767	-0.387741	823.372	925.797	2335.88	
43608.3	-0.554847	0.0407884	-0.388023	822.717	925.547	2334.74	
43613.3	-0.55473	0.0407008	-0.388355	822.061	925.32	2333.61	
43616.7	-0.554626	0.0405736	-0.388658	821.444	925.102	2332.56	
43621.7	-0.554518	0.040397	-0.388702	820.871	924.864	2331.46	
43625	-0.554441	0.0404222	-0.388719	820.262	924.605	2330.28	
43630	-0.554403	0.0406814	-0.388796	819.58	924.355	2329.04	
43633.3	-0.554307	0.0407127	-0.388739	818.917	924.138	2327.81	
43638.3	-0.554116	0.0402676	-0.388581	818.269	923.926	2326.55	
43641.7	-0.553938	0.0398046	-0.38855	817.638	923.703	2325.33	
43646.7	-0.553824	0.0395579	-0.388693	817	923.428	2324.08	
43650	-0.553753	0.0394635	-0.388793	816.395	923.138	2322.87	
43655	-0.553708	0.0395646	-0.388779	815.801	922.905	2321.73	
43658.3	-0.553612	0.039543	-0.388836	815.203	922.694	2320.61	
43663.3	-0.553435	0.0393065	-0.388859	814.601	922.462	2319.52	
43666.7	-0.55329	0.0392036	-0.388844	813.997	922.239	2318.46	
43671.7	-0.553192	0.0392622	-0.389021	813.357	922.035	2317.35	
43675	-0.553109	0.0392351	-0.389064	812.708	921.841	2316.18	
43680	-0.553042	0.0389321	-0.38883	812.035	921.65	2314.92	
43683.3	-0.552989	0.0386104	-0.388631	811.384	921.48	2313.68	
43688.3	-0.552955	0.0384296	-0.388515	810.737	921.318	2312.42	
43691.7	-0.55285	0.0381936	-0.388615	810.098	921.132	2311.17	
43696.7	-0.552651	0.0379195	-0.38901	809.449	920.895	2309.91	
43700	-0.552571	0.037811	-0.389277	808.791	920.631	2308.63	
43705	-0.552607	0.0376537	-0.389243	808.11	920.368	2307.25	
43708.3	-0.552599	0.0373503	-0.38913	807.486	920.141	2305.89	
43713.3	-0.55263	0.0373752	-0.389155	806.893	919.905	2304.51	
43716.7	-0.552658	0.037648	-0.389472	806.265	919.636	2303.07	
43721.7	-0.552574	0.0379017	-0.389718	805.604	919.373	2301.65	
43725	-0.552422	0.0379704	-0.389525	804.973	919.147	2300.28	
43730	-0.552189	0.0377965	-0.389105	804.349	918.944	2298.86	
43733.3	-0.552	0.0377528	-0.388802	803.711	918.738	2297.42	
43738.3	-0.551902	0.0379201	-0.388642	803.03	918.499	2295.9	
43741.7	-0.55183	0.0381331	-0.388552	802.373	918.277	2294.4	
43746.7	-0.551782	0.0384597	-0.388451	801.731	918.087	2292.92	
43750	-0.55168	0.0386886	-0.388275	801.102	917.912	2291.46	
43755	-0.551509	0.0386519	-0.388274	800.471	917.738	2290	
43758.3	-0.551407	0.0386489	-0.388307	799.847	917.547	2288.6	
43763.3	-0.551366	0.038734	-0.388109	799.219	917.343	2287.14	
43766.7	-0.551296	0.0386961	-0.387905	798.57	917.134	2285.61	
43771.7	-0.551223	0.0386868	-0.387775	797.853	916.939	2284.06	
43775	-0.551172	0.0388668	-0.387725	797.134	916.754	2282.59	
43780	-0.551153	0.0392285	-0.387731	796.405	916.52	2280.98	
43783.3	-0.551106	0.0395562	-0.387803	795.72	916.284	2279.36	
43788.3	-0.551036	0.0398109	-0.388201	795.06	916.083	2277.76	
43791.7	-0.550917	0.0398985	-0.388677	794.39	915.878	2276.14	
43796.7	-0.550634	0.0395803	-0.388957	793.71	915.674	2274.51	
43800	-0.550379	0.0393044	-0.389161	793.06	915.482	2272.97	
43805	-0.550214	0.0392663	-0.389397	792.414	915.27	2271.42	
43808.3	-0.550116	0.0393011	-0.389573	791.767	915.037	2269.86	
43813.3	-0.550118	0.0395571	-0.389709	791.085	914.796	2268.3	
43816.7	-0.550062	0.0397973	-0.389823	790.42	914.579	2266.8	
43821.7	-0.549912	0.0397179	-0.389853	789.791	914.31	2265.19	
43825	-0.549778	0.0396392	-0.389946	789.172	914.03	2263.55	
43830	-0.549675	0.039832	-0.390249	788.518	913.777	2261.83	
43833.3	-0.549554	0.0399437	-0.3907	787.877	913.499	2260.13	
43838.3	-0.549381	0.0396248	-0.391429	787.256	913.158	2258.45	
43841.7	-0.549287	0.0393567	-0.392065	786.646	912.822	2256.79	
43846.7	-0.549321	0.039412	-0.392332	786.021	912.555	2255.23	
43850	-0.549315	0.0394144	-0.392476	785.434	912.332	2253.8	
43855	-0.549243	0.0393814	-0.392573	784.883	912.089	2252.35	
43858.3	-0.549151	0.0394006	-0.392767	784.295	911.831	2250.83	
43863.3	-0.549017	0.0394262	-0.392987	783.636	911.593	2249.13	
43866.7	-0.548871	0.0395765	-0.393163	783	911.404	2247.42	
43871.7	-0.548695	0.0400066	-0.393172	782.376	911.277	2245.75	
43875	-0.548516	0.0403615	-0.393025	781.755	911.139	2244.08	
43880	-0.548338	0.0404459	-0.392989	781.12	910.943	2242.39	
43883.3	-0.548186	0.040481	-0.392777	780.48	910.744	2240.7	
43888.3	-0.548103	0.0404376	-0.392333	779.808	910.54	2238.9	
43891.7	-0.548029	0.0403893	-0.392163	779.133	910.336	2237.09	
43896.7	-0.547943	0.0406246	-0.392193	778.432	910.115	2235.2	
43900	-0.547878	0.0410375	-0.392176	777.726	909.863	2233.3	
43905	-0.547822	0.0412714	-0.392198	777.009	909.573	2231.43	
43908.3	-0.547728	0.0413546	-0.392354	776.341	909.299	2229.67	
43913.3	-0.547593	0.0413513	-0.392728	775.711	909.069	2227.95	
43916.7	-0.547491	0.0412851	-0.393097	775.128	908.873	2226.29	
43921.7	-0.547428	0.041285	-0.393417	774.585	908.696	2224.64	
43925	-0.547319	0.0412239	-0.393604	773.997	908.493	2222.92	
43930	-0.547133	0.0409736	-0.393604	773.336	908.246	2220.96	
43933.3	-0.547002	0.0408745	-0.393638	772.703	908.022	2219.02	
43938.3	-0.546965	0.041221	-0.393555	772.079	907.844	2217.14	
43941.7	-0.54691	0.0415389	-0.393362	771.397	907.658	2215.21	
43946.7	-0.546831	0.0415989	-0.393333	770.618	907.41	2213.12	
43950	-0.546739	0.0416084	-0.393425	769.88	907.127	2211.09	
43955	-0.546568	0.0416899	-0.393258	769.179	906.839	2209.14	
43958.3	-0.546349	0.0418453	-0.392887	768.486	906.592	2207.24	
43963.3	-0.54609	0.041877	-0.392514	767.786	906.348	2205.26	
43966.7	-0.545882	0.0419064	-0.392164	767.124	906.111	2203.32	
43971.7	-0.545703	0.0419376	-0.391915	766.494	905.896	2201.38	
43975	-0.545512	0.0418807	-0.391714	765.89	905.705	2199.47	
43980	-0.545361	0.0419141	-0.391474	765.292	905.553	2197.53	
43983.3	-0.545286	0.0419783	-0.391217	764.675	905.379	2195.58	
43988.3	-0.545316	0.0420228	-0.391037	764.013	905.127	2193.52	
43991.7	-0.545324	0.0421452	-0.39104	763.372	904.902	2191.49	
43996.7	-0.545241	0.042515	-0.391095	762.735	904.781	2189.48	
44000	-0.545148	0.0428947	-0.390906	762.122	904.689	2187.49	
44005	-0.545113	0.0431333	-0.390633	761.539	904.538	2185.45	
44008.3	-0.545071	0.043345	-0.390571	760.991	904.357	2183.45	
44013.3	-0.54497	0.0436619	-0.390438	760.473	904.211	2181.53	
44016.7	-0.544904	0.0440911	-0.390179	759.945	904.087	2179.65	
44021.7	-0.544926	0.0445101	-0.390196	759.38	903.952	2177.69	
44025	-0.544981	0.0449291	-0.390375	758.812	903.804	2175.73	
44030	-0.545028	0.0453524	-0.390519	758.239	903.619	2173.73	
44033.3	-0.54507	0.0457766	-0.390581	757.669	903.441	2171.72	
44038.3	-0.545116	0.0463028	-0.390546	757.079	903.275	2169.71	
44041.7	-0.545126	0.0468487	-0.39057	756.5	903.101	2167.75	
44046.7	-0.54512	0.0473859	-0.390688	755.919	902.915	2165.7	
44050	-0.545125	0.0478787	-0.390822	755.376	902.751	2163.66	
44055	-0.545144	0.048351	-0.391227	754.862	902.585	2161.59	
44058.3	-0.545188	0.0488094	-0.391671	754.306	902.398	2159.44	
44063.3	-0.54523	0.0492959	-0.391963	753.667	902.23	2157.29	
44066.7	-0.545262	0.0496975	-0.392164	753.021	902.058	2155.23	
44071.7	-0.545295	0.0498496	-0.39226	752.364	901.826	2152.99	
44075	-0.545322	0.0499748	-0.39239	751.732	901.593	2150.72	
44080	-0.54536	0.0501681	-0.392645	751.1	901.37	2148.51	
44083.3	-0.545386	0.0503643	-0.392998	750.477	901.154	2146.38	
44088.3	-0.545371	0.0504574	-0.393416	749.865	900.907	2144.22	
44091.7	-0.545325	0.0504582	-0.393736	749.268	900.639	2142.08	
44096.7	-0.545266	0.0505693	-0.394003	748.642	900.402	2139.86	
44100	-0.545241	0.0507741	-0.394339	748.04	900.18	2137.68	
44105	-0.545212	0.0509196	-0.394586	747.477	899.976	2135.53	
44108.3	-0.545166	0.0510026	-0.394651	746.938	899.823	2133.39	
44113.3	-0.5451	0.0510722	-0.394554	746.409	899.722	2131.26	
44116.7	-0.544999	0.0510513	-0.394454	745.864	899.613	2129.15	
44121.7	-0.544914	0.0510298	-0.394576	745.262	899.45	2126.86	
44125	-0.544898	0.0511898	-0.394823	744.661	899.267	2124.56	
44130	-0.544882	0.0513288	-0.394968	744.078	899.058	2122.24	
44133.3	-0.544846	0.0513359	-0.394909	743.499	898.838	2119.91	
44138.3	-0.544859	0.0513698	-0.394792	742.875	898.615	2117.49	
44141.7	-0.544851	0.0513942	-0.394797	742.275	898.393	2115.14	
44146.7	-0.544801	0.0513779	-0.394951	741.693	898.17	2112.78	
44150	-0.544781	0.0513157	-0.395053	741.129	897.948	2110.45	
44155	-0.544749	0.0510055	-0.394865	740.589	897.765	2108.08	
44158.3	-0.544687	0.0506274	-0.394591	740.067	897.634	2105.73	
44163.3	-0.544614	0.0503216	-0.394369	739.538	897.522	2103.4	
44166.7	-0.544535	0.0500243	-0.394122	738.997	897.387	2101.08	
44171.7	-0.544495	0.0497254	-0.393999	738.413	897.185	2098.65	
44175	-0.544487	0.0495007	-0.394161	737.846	896.978	2096.27	
44180	-0.544504	0.0495686	-0.394611	737.279	896.793	2093.84	
44183.3	-0.54461	0.0498977	-0.394988	736.695	896.63	2091.37	
44188.3	-0.544738	0.0502916	-0.394731	736.095	896.561	2088.99	
44191.7	-0.54476	0.0505374	-0.394258	735.505	896.525	2086.74	
44196.7	-0.544732	0.0505032	-0.394203	734.903	896.42	2084.42	
44200	-0.544692	0.050305	-0.394299	734.326	896.281	2082.12	
44205	-0.544618	0.0501818	-0.394356	733.756	896.096	2079.71	
44208.3	-0.54457	0.0501808	-0.394397	733.22	895.888	2077.3	
44213.3	-0.544613	0.0503247	-0.394483	732.702	895.7	2074.92	
44216.7	-0.544697	0.050608	-0.394577	732.195	895.569	2072.57	
44221.7	-0.544735	0.0508707	-0.394399	731.712	895.537	2070.29	
44225	-0.544716	0.0510393	-0.394192	731.223	895.503	2068.07	
44230	-0.544665	0.051184	-0.394288	730.696	895.399	2065.82	
44233.3	-0.544639	0.0512567	-0.394307	730.176	895.291	2063.62	
44238.3	-0.544682	0.0511638	-0.39413	729.661	895.171	2061.22	
44241.7	-0.544693	0.0509628	-0.393982	729.163	895.04	2058.79	
44246.7	-0.544641	0.050708	-0.393784	728.669	894.913	2056.36	
44250	-0.544608	0.0504975	-0.393632	728.183	894.803	2054	
44255	-0.54458	0.0502769	-0.393719	727.694	894.681	2051.56	
44258.3	-0.544581	0.050085	-0.39383	727.194	894.516	2049.09	
44263.3	-0.544649	0.0501498	-0.393752	726.652	894.326	2046.58	
44266.7	-0.5447	0.0504264	-0.393706	726.134	894.172	2044.15	
44271.7	-0.544723	0.0508034	-0.393854	725.642	894.05	2041.72	
44275	-0.544741	0.0510411	-0.393922	725.16	893.932	2039.29	
44280	-0.544712	0.0508912	-0.393915	724.688	893.803	2036.76	
44283.3	-0.544689	0.0506134	-0.393937	724.22	893.668	2034.22	
44288.3	-0.544737	0.0503811	-0.394026	723.726	893.518	2031.62	
44291.7	-0.544759	0.0500898	-0.39418	723.26	893.371	2029.08	
44296.7	-0.544695	0.049732	-0.394151	722.829	893.231	2026.52	
44300	-0.544629	0.0494134	-0.394002	722.398	893.072	2023.98	
44305	-0.544564	0.0490073	-0.394049	721.943	892.86	2021.37	
44308.3	-0.544492	0.0486061	-0.394165	721.506	892.661	2018.8	
44313.3	-0.544437	0.0482714	-0.394265	721.074	892.519	2016.22	
44316.7	-0.544408	0.0479541	-0.394473	720.63	892.381	2013.69	
44321.7	-0.54436	0.047609	-0.394562	720.174	892.224	2011.11	
44325	-0.544306	0.0472821	-0.394464	719.752	892.09	2008.59	
44330	-0.544287	0.0471481	-0.394488	719.336	891.968	2006.02	
44333.3	-0.544261	0.0471354	-0.394632	718.912	891.838	2003.47	
44338.3	-0.544218	0.0472777	-0.394807	718.471	891.705	2000.81	
44341.7	-0.544131	0.0472703	-0.394906	718.03	891.554	1998.13	
44346.7	-0.543994	0.0467532	-0.394922	717.584	891.391	1995.4	
44350	-0.54391	0.0462584	-0.394986	717.177	891.272	1992.76	
44355	-0.543867	0.0460162	-0.394924	716.806	891.196	1990.16	
44358.3	-0.543821	0.0457953	-0.394733	716.444	891.122	1987.6	
44363.3	-0.543805	0.0455274	-0.394757	716.064	891.039	1984.96	
44366.7	-0.543839	0.0452866	-0.394805	715.661	890.95	1982.31	
44371.7	-0.543894	0.0451493	-0.394448	715.222	890.901	1979.64	
44375	-0.543878	0.0449886	-0.394079	714.774	890.854	1977.04	
44380	-0.543802	0.0447571	-0.393895	714.303	890.732	1974.37	
44383.3	-0.543756	0.0446383	-0.393704	713.893	890.605	1971.8	
44388.3	-0.54372	0.044611	-0.393508	713.551	890.488	1969.25	
44391.7	-0.543698	0.0445409	-0.39329	713.199	890.373	1966.68	
44396.7	-0.54374	0.0444755	-0.393255	712.809	890.242	1964.01	
44400	-0.543787	0.0443994	-0.39338	712.406	890.096	1961.34	
44405	-0.543806	0.0444473	-0.39324	711.969	890.003	1958.65	
44408.3	-0.543806	0.0445682	-0.392781	711.547	889.979	1956.03	
44413.3	-0.54376	0.0446809	-0.391869	711.151	889.995	1953.36	
44416.7	-0.543725	0.044887	-0.390822	710.768	889.994	1950.73	
44421.7	-0.543789	0.0452979	-0.389985	710.37	889.955	1947.95	
44425	-0.543884	0.0457401	-0.389228	709.966	889.914	1945.11	
44430	-0.543944	0.0460425	-0.3883	709.558	889.9	1942.32	
44433.3	-0.543954	0.0462124	-0.387361	709.179	889.887	1939.66	
44438.3	-0.543872	0.0462802	-0.386325	708.837	889.855	1936.97	
44441.7	-0.543776	0.0463173	-0.38526	708.496	889.825	1934.28	
44446.7	-0.543716	0.046361	-0.384329	708.13	889.82	1931.5	
44450	-0.543659	0.0464932	-0.38344	707.773	889.806	1928.75	
44455	-0.543528	0.0467126	-0.38224	707.442	889.748	1926.01	
44458.3	-0.543396	0.0468548	-0.380875	707.123	889.691	1923.29	
44463.3	-0.543341	0.0471692	-0.379439	706.777	889.654	1920.47	
44466.7	-0.543283	0.0476109	-0.377985	706.444	889.608	1917.7	
44471.7	-0.543164	0.0477277	-0.376411	706.149	889.557	1914.93	
44475	-0.543016	0.0476882	-0.374894	705.86	889.492	1912.21	
44480	-0.54284	0.0477805	-0.373402	705.558	889.378	1909.41	
44483.3	-0.542688	0.0479637	-0.371814	705.249	889.289	1906.61	
44488.3	-0.542574	0.0483732	-0.369921	704.914	889.246	1903.73	
44491.7	-0.542484	0.0489171	-0.367933	704.538	889.188	1900.84	
44496.7	-0.542423	0.049353	-0.365908	704.101	889.133	1897.87	
44500	-0.542368	0.0496944	-0.363877	703.708	889.102	1895.01	
44505	-0.542227	0.0499142	-0.361554	703.378	889.098	1892.21	
44508.3	-0.542038	0.0500172	-0.359132	703.049	889.094	1889.46	
44513.3	-0.541891	0.0504021	-0.356602	702.68	889.039	1886.63	
44516.7	-0.541749	0.0509946	-0.354056	702.314	888.961	1883.84	
44521.7	-0.541576	0.0514466	-0.351578	701.959	888.878	1880.95	
44525	-0.54143	0.051795	-0.349237	701.607	888.801	1878.06	
44530	-0.541262	0.0521261	-0.346749	701.25	888.745	1875.17	
44533.3	-0.541065	0.0524036	-0.344171	700.9	888.68	1872.33	
44538.3	-0.54092	0.0527861	-0.341667	700.53	888.572	1869.42	
44541.7	-0.540855	0.0532634	-0.339263	700.198	888.477	1866.57	
44546.7	-0.540827	0.0536557	-0.336721	699.926	888.403	1863.76	
44550	-0.540791	0.0539839	-0.334054	699.645	888.309	1860.98	
44555	-0.54075	0.0544687	-0.331008	699.333	888.193	1858.13	
44558.3	-0.540678	0.0550397	-0.327926	699.023	888.091	1855.33	
44563.3	-0.540564	0.0556841	-0.324846	698.709	887.981	1852.45	
44566.7	-0.540428	0.0562992	-0.321844	698.405	887.839	1849.61	
44571.7	-0.540257	0.0567798	-0.318854	698.111	887.649	1846.67	
44575	-0.540053	0.0571672	-0.31592	697.812	887.429	1843.71	
44580	-0.539823	0.057632	-0.312867	697.471	887.203	1840.72	
44583.3	-0.539597	0.0581574	-0.309887	697.163	887.006	1837.86	
44588.3	-0.53932	0.0584901	-0.306925	696.919	886.817	1835.1	
44591.7	-0.539017	0.0587512	-0.304051	696.66	886.63	1832.39	
44596.7	-0.538717	0.0591665	-0.301399	696.347	886.434	1829.53	
44600	-0.538479	0.0596273	-0.298829	696.049	886.231	1826.69	
44605	-0.538286	0.0601751	-0.296224	695.76	886.02	1823.84	
44608.3	-0.538071	0.0607374	-0.293684	695.455	885.815	1821.03	
44613.3	-0.537829	0.0612455	-0.291086	695.131	885.586	1818.17	
44616.7	-0.537606	0.0618052	-0.288552	694.823	885.349	1815.39	
44621.7	-0.537443	0.0624517	-0.286298	694.518	885.101	1812.61	
44625	-0.537252	0.0630136	-0.284312	694.204	884.842	1809.87	
44630	-0.536956	0.0635298	-0.282213	693.873	884.582	1807.05	
44633.3	-0.536646	0.0639662	-0.279964	693.546	884.32	1804.25	
44638.3	-0.53632	0.0642477	-0.277776	693.214	883.995	1801.36	
44641.7	-0.536008	0.0646368	-0.27582	692.903	883.648	1798.55	
44646.7	-0.535771	0.0652026	-0.274288	692.594	883.271	1795.77	
44650	-0.535565	0.0657267	-0.272939	692.268	882.877	1793.01	
44655	-0.535366	0.0663621	-0.271526	691.91	882.439	1790.13	
44658.3	-0.535179	0.0670923	-0.270152	691.544	881.999	1787.25	
44663.3	-0.534987	0.067849	-0.268855	691.146	881.587	1784.38	
44666.7	-0.534767	0.0684649	-0.267748	690.762	881.183	1781.61	
44671.7	-0.534544	0.0687176	-0.267058	690.407	880.704	1778.79	
44675	-0.534368	0.0689574	-0.266594	690.04	880.193	1775.98	
44680	-0.534215	0.0694004	-0.266225	689.624	879.67	1773.17	
44683.3	-0.53408	0.069915	-0.265809	689.205	879.154	1770.44	
44688.3	-0.533978	0.07042	-0.265496	688.773	878.605	1767.61	
44691.7	-0.53382	0.0707496	-0.265398	688.362	878.058	1764.79	
44696.7	-0.533595	0.0710038	-0.265469	687.96	877.509	1761.95	
44700	-0.533391	0.0713577	-0.265598	687.528	876.965	1759.13	
44705	-0.533209	0.0717908	-0.265984	687.048	876.377	1756.21	
44708.3	-0.533027	0.0721068	-0.266509	686.573	875.746	1753.32	
44713.3	-0.532876	0.0723487	-0.26735	686.072	875.027	1750.36	
44716.7	-0.53275	0.0726174	-0.268319	685.578	874.305	1747.45	
44721.7	-0.532578	0.0726506	-0.269326	685.1	873.608	1744.52	
44725	-0.532388	0.072529	-0.270394	684.633	872.927	1741.64	
44730	-0.532213	0.0724809	-0.271569	684.15	872.208	1738.76	
44733.3	-0.532032	0.0724811	-0.272777	683.708	871.504	1735.99	
44738.3	-0.531804	0.0723439	-0.274111	683.321	870.786	1733.22	
44741.7	-0.531563	0.0721214	-0.275496	682.915	870.057	1730.43	
44746.7	-0.531373	0.0719547	-0.27706	682.448	869.303	1727.56	
44750	-0.53117	0.0717982	-0.278723	682.001	868.563	1724.76	
44755	-0.530836	0.0712721	-0.28052	681.603	867.802	1721.99	
44758.3	-0.530481	0.0705357	-0.282303	681.235	867.037	1719.29	
44763.3	-0.530126	0.0697038	-0.28423	680.869	866.263	1716.62	
44766.7	-0.529782	0.0689409	-0.286255	680.477	865.5	1713.99	
44771.7	-0.52949	0.0683765	-0.288507	680.027	864.715	1711.25	
44775	-0.52921	0.0678897	-0.290758	679.578	863.948	1708.53	
44780	-0.528911	0.067289	-0.293064	679.137	863.152	1705.79	
44783.3	-0.528629	0.0665816	-0.295363	678.728	862.344	1703.11	
44788.3	-0.528389	0.0659762	-0.297835	678.318	861.502	1700.38	
44791.7	-0.528164	0.0655417	-0.300426	677.91	860.679	1697.68	
44796.7	-0.527906	0.0649972	-0.303281	677.512	859.839	1695.02	
44800	-0.527675	0.0643054	-0.306029	677.146	859.004	1692.46	
44805	-0.5275	0.0636319	-0.30853	676.803	858.158	1689.79	
44808.3	-0.52733	0.0630683	-0.311098	676.426	857.283	1687.09	
44813.3	-0.527138	0.062549	-0.313891	675.987	856.343	1684.36	
44816.7	-0.526933	0.0619628	-0.316573	675.555	855.408	1681.67	
44821.7	-0.526787	0.0614891	-0.319415	675.1	854.4	1678.9	
44825	-0.5267	0.0611712	-0.322188	674.653	853.391	1676.14	
44830	-0.526595	0.0605729	-0.324753	674.243	852.387	1673.38	
44833.3	-0.526445	0.0598102	-0.327332	673.837	851.392	1670.66	
44838.3	-0.526239	0.0590089	-0.330085	673.403	850.377	1667.9	
44841.7	-0.526025	0.0582541	-0.332796	673.01	849.396	1665.24	
44846.7	-0.525842	0.057562	-0.33576	672.648	848.405	1662.58	
44850	-0.525696	0.0568165	-0.338757	672.263	847.417	1659.92	
44855	-0.525539	0.0559066	-0.341576	671.854	846.397	1657.2	
44858.3	-0.525343	0.0549205	-0.34421	671.433	845.379	1654.5	
44863.3	-0.525171	0.0541208	-0.347083	670.932	844.349	1651.72	
44866.7	-0.525045	0.0535809	-0.350125	670.44	843.346	1649.02	
44871.7	-0.524916	0.0529912	-0.35319	670.002	842.296	1646.27	
44875	-0.524732	0.0522394	-0.356087	669.551	841.219	1643.48	
44880	-0.524479	0.0513878	-0.358969	669.039	840.098	1640.57	
44883.3	-0.524286	0.050629	-0.361751	668.584	839.022	1637.76	
44888.3	-0.524088	0.0498739	-0.364184	668.206	838.011	1635.07	
44891.7	-0.523848	0.049083	-0.36637	667.824	837.021	1632.46	
44896.7	-0.523634	0.048281	-0.36858	667.406	836.015	1629.79	
44900	-0.523404	0.0474481	-0.370802	666.995	835.037	1627.17	
44905	-0.523102	0.0465725	-0.373053	666.594	834.012	1624.47	
44908.3	-0.522782	0.0457087	-0.375123	666.224	833.008	1621.81	
44913.3	-0.52246	0.0449302	-0.377027	665.86	832.034	1619.11	
44916.7	-0.522229	0.0443108	-0.37875	665.482	831.085	1616.44	
44921.7	-0.522114	0.0438803	-0.38019	665.083	830.12	1613.67	
44925	-0.521973	0.0434594	-0.38153	664.706	829.18	1610.95	
44930	-0.521819	0.0427958	-0.383177	664.353	828.193	1608.17	
44933.3	-0.521744	0.0421506	-0.384869	664.03	827.219	1605.44	
44938.3	-0.521729	0.0416431	-0.386354	663.73	826.266	1602.72	
44941.7	-0.521681	0.0411144	-0.387787	663.428	825.326	1600.03	
44946.7	-0.521568	0.0404731	-0.389186	663.119	824.383	1597.28	
44950	-0.521433	0.0397976	-0.390456	662.789	823.449	1594.54	
44955	-0.521301	0.0392001	-0.391734	662.394	822.498	1591.72	
44958.3	-0.521206	0.0387339	-0.392981	662.037	821.588	1588.99	
44963.3	-0.521127	0.0383287	-0.394111	661.738	820.668	1586.28	
44966.7	-0.521044	0.0380116	-0.395137	661.427	819.763	1583.57	
44971.7	-0.52098	0.0379748	-0.395989	661.076	818.884	1580.78	
44975	-0.520925	0.037986	-0.396699	660.725	817.999	1578.02	
44980	-0.520909	0.0379134	-0.397543	660.367	817.005	1575.15	
44983.3	-0.520891	0.037781	-0.398437	660.042	816.003	1572.31	
44988.3	-0.520798	0.037579	-0.399039	659.748	815.048	1569.49	
44991.7	-0.520703	0.037416	-0.399384	659.459	814.159	1566.73	
44996.7	-0.52061	0.037158	-0.399611	659.181	813.263	1563.9	
45000	-0.520539	0.0369275	-0.399894	658.938	812.388	1561.14	
45005	-0.520527	0.0369089	-0.400148	658.727	811.509	1558.34	
45008.3	-0.520519	0.0368966	-0.400194	658.514	810.637	1555.52	
45013.3	-0.520538	0.037141	-0.400031	658.25	809.779	1552.67	
45016.7	-0.520598	0.0376278	-0.39984	657.974	808.942	1549.89	
45021.7	-0.5207	0.0380437	-0.399786	657.707	808.06	1547.05	
45025	-0.520822	0.0383601	-0.399718	657.478	807.192	1544.24	
45030	-0.520959	0.0389591	-0.399226	657.273	806.358	1541.42	
45033.3	-0.521098	0.0398038	-0.398615	657.05	805.57	1538.64	
45038.3	-0.521281	0.0406788	-0.398181	656.794	804.796	1535.89	
45041.7	-0.521495	0.0413946	-0.397689	656.551	804.014	1533.23	
45046.7	-0.521719	0.0420625	-0.397007	656.318	803.184	1530.49	
45050	-0.521904	0.0427122	-0.396368	656.063	802.384	1527.75	
45055	-0.522085	0.0434742	-0.39561	655.778	801.572	1524.84	
45058.3	-0.522266	0.0443545	-0.394761	655.513	800.758	1521.95	
45063.3	-0.52241	0.0452697	-0.393835	655.265	799.947	1519.09	
45066.7	-0.522515	0.0461127	-0.392908	655.029	799.167	1516.31	
45071.7	-0.522605	0.0468052	-0.392029	654.81	798.379	1513.46	
45075	-0.522747	0.0474955	-0.391132	654.628	797.611	1510.68	
45080	-0.522902	0.0483526	-0.389903	654.49	796.884	1507.92	
45083.3	-0.523024	0.0492199	-0.388539	654.346	796.183	1505.2	
45088.3	-0.523153	0.0501091	-0.38726	654.182	795.421	1502.37	
45091.7	-0.523266	0.0509482	-0.386052	654.02	794.669	1499.55	
45096.7	-0.52337	0.0516229	-0.38495	653.847	793.952	1496.69	
45100	-0.52348	0.0521955	-0.383951	653.654	793.242	1493.86	
45105	-0.523616	0.0528335	-0.382946	653.434	792.456	1490.87	
45108.3	-0.52378	0.0535637	-0.381899	653.222	791.668	1487.89	
45113.3	-0.523969	0.0544654	-0.380685	652.998	790.916	1484.89	
45116.7	-0.524138	0.055405	-0.379481	652.781	790.206	1481.97	
45121.7	-0.524298	0.056447	-0.378355	652.568	789.499	1478.98	
45125	-0.524462	0.0575626	-0.377259	652.366	788.797	1476.03	
45130	-0.524658	0.0587606	-0.376191	652.18	788.053	1473.02	
45133.3	-0.524859	0.0598578	-0.375101	652.004	787.321	1470.01	
45138.3	-0.525018	0.0605007	-0.373923	651.852	786.603	1467.01	
45141.7	-0.525146	0.0609226	-0.372827	651.716	785.905	1464.09	
45146.7	-0.525332	0.0616391	-0.371874	651.562	785.18	1461.05	
45150	-0.525548	0.0625639	-0.370996	651.423	784.463	1458.04	
45155	-0.525756	0.0634534	-0.370239	651.324	783.751	1455.05	
45158.3	-0.525979	0.0642661	-0.369524	651.206	783.044	1452.11	
45163.3	-0.526221	0.0650999	-0.368657	651.061	782.295	1449.06	
45166.7	-0.526457	0.0658768	-0.367683	650.951	781.567	1446.06	
45171.7	-0.526748	0.0666076	-0.366719	650.872	780.851	1443.03	
45175	-0.527042	0.0673424	-0.365925	650.775	780.144	1440.05	
45180	-0.527281	0.0680481	-0.365184	650.669	779.444	1437	
45183.3	-0.527521	0.0687537	-0.364423	650.562	778.751	1433.99	
45188.3	-0.527807	0.0694901	-0.363656	650.445	778.003	1431	
45191.7	-0.52808	0.0701479	-0.362911	650.346	777.251	1428.09	
45196.7	-0.52836	0.0708546	-0.362134	650.259	776.471	1425.13	
45200	-0.528642	0.0716107	-0.361343	650.196	775.7	1422.22	
45205	-0.528925	0.0722597	-0.360675	650.169	774.919	1419.33	
45208.3	-0.529193	0.0727724	-0.360072	650.155	774.187	1416.51	
45213.3	-0.529441	0.0730958	-0.359461	650.157	773.531	1413.7	
45216.7	-0.529636	0.0733113	-0.358878	650.153	772.89	1410.97	
45221.7	-0.529804	0.0736006	-0.358305	650.141	772.174	1408.11	
45225	-0.529995	0.0739877	-0.357784	650.155	771.456	1405.28	
45230	-0.530158	0.0743236	-0.357185	650.214	770.767	1402.48	
45233.3	-0.530299	0.0745352	-0.356521	650.272	770.104	1399.75	
45238.3	-0.530492	0.0745404	-0.356072	650.341	769.383	1396.88	
45241.7	-0.530712	0.0744392	-0.355701	650.433	768.658	1394.02	
45246.7	-0.530935	0.0744845	-0.355113	650.519	767.994	1391.19	
45250	-0.53113	0.0746826	-0.354557	650.572	767.349	1388.46	
45255	-0.531324	0.0748642	-0.354308	650.593	766.675	1385.69	
45258.3	-0.531518	0.0749925	-0.35421	650.619	766.029	1383	
45263.3	-0.531677	0.0750258	-0.354098	650.68	765.366	1380.26	
45266.7	-0.531835	0.0750405	-0.353945	650.764	764.695	1377.56	
45271.7	-0.532034	0.0748124	-0.353907	650.886	763.981	1374.9	
45275	-0.532232	0.0743607	-0.353883	651.031	763.266	1372.31	
45280	-0.532451	0.0740529	-0.353801	651.179	762.55	1369.65	
45283.3	-0.532673	0.0738873	-0.35376	651.33	761.849	1367.02	
45288.3	-0.532915	0.0737006	-0.353911	651.507	761.113	1364.39	
45291.7	-0.533191	0.073546	-0.354157	651.68	760.397	1361.82	
45296.7	-0.533522	0.0734609	-0.354416	651.86	759.671	1359.22	
45300	-0.533831	0.0733726	-0.354684	652.035	758.942	1356.67	
45305	-0.534094	0.0732425	-0.355043	652.206	758.214	1354.08	
45308.3	-0.53434	0.0731021	-0.355376	652.393	757.524	1351.55	
45313.3	-0.534534	0.0726374	-0.355516	652.652	756.859	1349.08	
45316.7	-0.534685	0.0719538	-0.355604	652.931	756.198	1346.69	
45321.7	-0.534808	0.0712604	-0.355645	653.215	755.526	1344.31	
45325	-0.534936	0.0706492	-0.355606	653.511	754.891	1341.99	
45330	-0.535119	0.0700465	-0.355782	653.839	754.225	1339.6	
45333.3	-0.53531	0.0694507	-0.356189	654.14	753.539	1337.19	
45338.3	-0.535514	0.0689543	-0.356728	654.402	752.837	1334.78	
45341.7	-0.535708	0.0684333	-0.357176	654.682	752.15	1332.44	
45346.7	-0.535881	0.0678643	-0.357443	655.006	751.462	1330.11	
45350	-0.536042	0.0673782	-0.357703	655.338	750.819	1327.84	
45355	-0.536204	0.0667514	-0.358121	655.713	750.178	1325.56	
45358.3	-0.536403	0.0660844	-0.358539	656.09	749.536	1323.32	
45363.3	-0.536635	0.0655224	-0.358932	656.451	748.936	1321.11	
45366.7	-0.536876	0.0650241	-0.35931	656.822	748.39	1319	
45371.7	-0.537151	0.0643971	-0.359766	657.248	747.832	1316.93	
45375	-0.537392	0.0637054	-0.360332	657.68	747.269	1314.92	
45380	-0.5376	0.06309	-0.360932	658.134	746.683	1312.86	
45383.3	-0.537796	0.0624957	-0.361499	658.576	746.097	1310.8	
45388.3	-0.537978	0.0616401	-0.362195	659.033	745.463	1308.74	
45391.7	-0.538192	0.0607389	-0.362869	659.524	744.83	1306.79	
45396.7	-0.538506	0.0601121	-0.363448	660.06	744.187	1304.78	
45400	-0.538846	0.0595975	-0.363942	660.583	743.577	1302.77	
45405	-0.53919	0.0589898	-0.364257	661.116	743.042	1300.77	
45408.3	-0.5395	0.0583579	-0.364548	661.667	742.55	1298.86	
45413.3	-0.539766	0.0576404	-0.364981	662.289	741.997	1296.9	
45416.7	-0.540005	0.0568815	-0.365481	662.89	741.397	1294.91	
45421.7	-0.54024	0.0561352	-0.36605	663.45	740.811	1292.95	
45425	-0.540473	0.0554606	-0.366668	663.994	740.281	1291.07	
45430	-0.540705	0.054812	-0.367319	664.551	739.772	1289.23	
45433.3	-0.540914	0.0541195	-0.367898	665.11	739.266	1287.47	
45438.3	-0.541076	0.0532713	-0.368389	665.703	738.754	1285.75	
45441.7	-0.541249	0.0524732	-0.36881	666.324	738.291	1284.13	
45446.7	-0.541523	0.0519037	-0.369394	666.976	737.858	1282.53	
45450	-0.541828	0.0514097	-0.370022	667.606	737.429	1280.95	
45455	-0.542123	0.0508598	-0.370474	668.265	736.971	1279.34	
45458.3	-0.542393	0.0503461	-0.370917	668.928	736.52	1277.76	
45463.3	-0.542668	0.0499472	-0.371333	669.607	736.118	1276.23	
45466.7	-0.542945	0.0495869	-0.371637	670.264	735.751	1274.73	
45471.7	-0.543216	0.0491572	-0.371924	670.931	735.377	1273.19	
45475	-0.543474	0.0487284	-0.372219	671.603	735.011	1271.69	
45480	-0.543751	0.0483489	-0.372542	672.296	734.654	1270.22	
45483.3	-0.54401	0.047957	-0.372837	672.988	734.322	1268.8	
45488.3	-0.544257	0.0475735	-0.373182	673.704	733.99	1267.37	
45491.7	-0.544544	0.0472863	-0.373541	674.405	733.653	1265.97	
45496.7	-0.544887	0.0468695	-0.373852	675.148	733.282	1264.53	
45500	-0.545211	0.0463636	-0.374193	675.894	732.898	1263.11	
45505	-0.545542	0.0459564	-0.374534	676.637	732.521	1261.75	
45508.3	-0.54588	0.045596	-0.374797	677.374	732.169	1260.45	
45513.3	-0.546202	0.0451315	-0.375062	678.152	731.831	1259.19	
45516.7	-0.546481	0.0445953	-0.37539	678.936	731.506	1258	
45521.7	-0.546762	0.0442242	-0.375756	679.745	731.165	1256.71	
45525	-0.547076	0.0440757	-0.376079	680.571	730.85	1255.43	
45530	-0.547415	0.0439965	-0.37636	681.476	730.553	1254.15	
45533.3	-0.547724	0.0438443	-0.376583	682.351	730.248	1252.85	
45538.3	-0.548013	0.0435594	-0.376736	683.201	729.989	1251.62	
45541.7	-0.54831	0.0432639	-0.376868	684.036	729.784	1250.5	
45546.7	-0.548619	0.0429859	-0.376893	684.893	729.633	1249.4	
45550	-0.548904	0.0427045	-0.376889	685.724	729.499	1248.35	
45555	-0.549225	0.042442	-0.377097	686.558	729.303	1247.21	
45558.3	-0.54957	0.0422262	-0.37741	687.393	729.09	1246.07	
45563.3	-0.549909	0.041983	-0.377714	688.262	728.894	1245	
45566.7	-0.550258	0.0417374	-0.377978	689.118	728.723	1244	
45571.7	-0.550658	0.0414939	-0.37818	689.987	728.606	1243.02	
45575	-0.551064	0.0412714	-0.378367	690.871	728.513	1242.11	
45580	-0.551481	0.0411462	-0.37866	691.807	728.403	1241.18	
45583.3	-0.551864	0.041052	-0.379014	692.724	728.28	1240.25	
45588.3	-0.55224	0.0410096	-0.379323	693.661	728.159	1239.3	
45591.7	-0.552597	0.0409145	-0.379544	694.595	728.051	1238.36	
45596.7	-0.552892	0.0405642	-0.379716	695.566	727.956	1237.48	
45600	-0.553176	0.0401796	-0.379858	696.53	727.872	1236.68	
45605	-0.553488	0.0397924	-0.379926	697.524	727.783	1235.87	
45608.3	-0.553814	0.0394077	-0.379966	698.502	727.705	1235.07	
45613.3	-0.554158	0.039197	-0.379893	699.476	727.69	1234.26	
45616.7	-0.554493	0.0391325	-0.379837	700.435	727.707	1233.49	
45621.7	-0.554863	0.039137	-0.380024	701.423	727.694	1232.68	
45625	-0.555241	0.0391278	-0.380208	702.417	727.668	1231.86	
45630	-0.55566	0.0391065	-0.380303	703.451	727.677	1231.09	
45633.3	-0.556113	0.039121	-0.380401	704.452	727.685	1230.36	
45638.3	-0.556565	0.0391777	-0.380379	705.461	727.705	1229.62	
45641.7	-0.556972	0.0392377	-0.380337	706.46	727.743	1228.91	
45646.7	-0.557372	0.0391766	-0.380323	707.496	727.784	1228.24	
45650	-0.557773	0.0390735	-0.380328	708.549	727.842	1227.64	
45655	-0.558209	0.0390688	-0.380475	709.648	727.935	1227.12	
45658.3	-0.558634	0.0390391	-0.380605	710.705	728.028	1226.62	
45663.3	-0.559031	0.0388163	-0.380647	711.771	728.13	1226.1	
45666.7	-0.559403	0.0385514	-0.380703	712.835	728.243	1225.62	
45671.7	-0.559806	0.038413	-0.380755	713.924	728.364	1225.13	
45675	-0.560206	0.0383566	-0.380839	715.004	728.488	1224.66	
45680	-0.56062	0.038399	-0.38122	716.111	728.613	1224.16	
45683.3	-0.561045	0.038481	-0.381705	717.195	728.754	1223.64	
45688.3	-0.561411	0.0383317	-0.381982	718.339	728.95	1223.16	
45691.7	-0.561732	0.0380491	-0.38214	719.484	729.138	1222.74	
45696.7	-0.562047	0.0378578	-0.38214	720.649	729.345	1222.38	
45700	-0.562358	0.0377554	-0.382103	721.782	729.585	1222.07	
45705	-0.56272	0.0376976	-0.382313	722.919	729.829	1221.66	
45708.3	-0.563101	0.0376317	-0.382594	724.077	730.058	1221.23	
45713.3	-0.563488	0.0375837	-0.382779	725.309	730.306	1220.9	
45716.7	-0.56386	0.0375467	-0.382923	726.495	730.549	1220.59	
45721.7	-0.564236	0.037383	-0.383051	727.679	730.792	1220.27	
45725	-0.564588	0.0372355	-0.383214	728.89	731.054	1220.02	
45730	-0.564934	0.0372965	-0.383336	730.177	731.361	1219.79	
45733.3	-0.565274	0.0373983	-0.383355	731.434	731.672	1219.55	
45738.3	-0.56559	0.0373907	-0.383391	732.714	731.967	1219.32	
45741.7	-0.565913	0.0373334	-0.383483	733.974	732.245	1219.1	
45746.7	-0.566299	0.0373515	-0.383536	735.245	732.533	1218.9	
45750	-0.566648	0.0374132	-0.383597	736.524	732.833	1218.74	
45755	-0.566939	0.037377	-0.383796	737.882	733.155	1218.59	
45758.3	-0.567239	0.0373136	-0.383998	739.196	733.458	1218.4	
45763.3	-0.567519	0.0372108	-0.383946	740.516	733.785	1218.25	
45766.7	-0.567741	0.0370275	-0.383819	741.835	734.139	1218.13	
45771.7	-0.567935	0.0367013	-0.383844	743.187	734.529	1218.1	
45775	-0.568145	0.0363611	-0.383912	744.497	734.905	1218.12	
45780	-0.568398	0.0360421	-0.38406	745.803	735.242	1218.1	
45783.3	-0.56866	0.0357119	-0.384231	747.1	735.577	1218.08	
45788.3	-0.568924	0.0354498	-0.38428	748.435	735.961	1218.07	
45791.7	-0.569176	0.0352155	-0.384299	749.751	736.362	1218.08	
45796.7	-0.569393	0.0348552	-0.384354	751.109	736.77	1218.07	
45800	-0.56958	0.0344823	-0.384417	752.451	737.164	1218.06	
45805	-0.569771	0.0341002	-0.384441	753.824	737.574	1218.05	
45808.3	-0.569971	0.0336891	-0.384439	755.198	737.978	1218.07	
45813.3	-0.570195	0.0331959	-0.384551	756.62	738.394	1218.11	
45816.7	-0.570403	0.0326722	-0.384761	758.016	738.811	1218.17	
45821.7	-0.570558	0.0321251	-0.384868	759.443	739.267	1218.25	
45825	-0.570723	0.0315859	-0.384832	760.851	739.746	1218.34	
45830	-0.570935	0.0310342	-0.384673	762.282	740.275	1218.47	
45833.3	-0.571097	0.0304291	-0.384536	763.689	740.798	1218.63	
45838.3	-0.571201	0.0297115	-0.384421	765.135	741.281	1218.77	
45841.7	-0.571291	0.0290022	-0.384328	766.53	741.741	1218.88	
45846.7	-0.571353	0.0282279	-0.384408	767.898	742.224	1218.96	
45850	-0.571412	0.0274389	-0.384564	769.248	742.699	1219.07	
45855	-0.571425	0.0265657	-0.384523	770.648	743.207	1219.28	
45858.3	-0.571411	0.0256852	-0.384362	772.067	743.735	1219.58	
45863.3	-0.571413	0.0246681	-0.384371	773.561	744.286	1219.87	
45866.7	-0.57141	0.0235144	-0.384463	775.016	744.826	1220.12	
45871.7	-0.571375	0.0223134	-0.384363	776.473	745.395	1220.37	
45875	-0.571312	0.0211634	-0.384165	777.935	745.976	1220.67	
45880	-0.571205	0.0199091	-0.384005	779.466	746.606	1221.02	
45883.3	-0.571081	0.0186402	-0.383936	780.961	747.239	1221.37	
45888.3	-0.570993	0.0175026	-0.383913	782.457	747.859	1221.69	
45891.7	-0.570976	0.0165232	-0.383809	783.919	748.464	1221.97	
45896.7	-0.571024	0.0155997	-0.383581	785.403	749.105	1222.32	
45900	-0.571028	0.0146487	-0.383357	786.842	749.739	1222.68	
45905	-0.570919	0.0134665	-0.38316	788.292	750.363	1223.03	
45908.3	-0.570782	0.0122049	-0.383023	789.753	750.993	1223.41	
45913.3	-0.570658	0.0109632	-0.383042	791.259	751.694	1223.81	
45916.7	-0.570476	0.00972136	-0.383161	792.705	752.377	1224.18	
45921.7	-0.570192	0.00843928	-0.383232	794.146	753.083	1224.61	
45925	-0.569964	0.00727358	-0.383185	795.603	753.82	1225.12	
45930	-0.569773	0.00599847	-0.383018	797.169	754.571	1225.69	
45933.3	-0.569574	0.00458491	-0.382812	798.72	755.296	1226.26	
45938.3	-0.56941	0.00317084	-0.382573	800.275	756.063	1226.8	
45941.7	-0.569296	0.00189329	-0.382299	801.807	756.862	1227.34	
45946.7	-0.569177	0.00058797	-0.381849	803.394	757.744	1227.97	
45950	-0.568934	-0.000848264	-0.381409	804.911	758.598	1228.58	
45955	-0.568547	-0.00253542	-0.380896	806.403	759.452	1229.2	
45958.3	-0.568223	-0.00415881	-0.380283	807.901	760.326	1229.84	
45963.3	-0.567975	-0.00552806	-0.379504	809.443	761.253	1230.53	
45966.7	-0.567768	-0.00672465	-0.378594	810.991	762.188	1231.24	
45971.7	-0.567598	-0.00791638	-0.377571	812.621	763.164	1231.97	
45975	-0.567335	-0.00920002	-0.37667	814.164	764.079	1232.63	
45980	-0.566958	-0.0104079	-0.375587	815.647	764.993	1233.33	
45983.3	-0.566634	-0.01144	-0.374269	817.111	765.931	1234.07	
45988.3	-0.566324	-0.0125928	-0.372793	818.619	766.929	1234.87	
45991.7	-0.565966	-0.0138859	-0.371301	820.125	767.926	1235.68	
45996.7	-0.565567	-0.0152051	-0.369532	821.687	768.963	1236.51	
46000	-0.5652	-0.0163821	-0.367647	823.216	770.016	1237.33	
46005	-0.564846	-0.0175254	-0.365669	824.762	771.098	1238.15	
46008.3	-0.564513	-0.0186577	-0.363653	826.285	772.153	1238.96	
46013.3	-0.564188	-0.0197527	-0.361207	827.853	773.299	1239.89	
46016.7	-0.563875	-0.0207688	-0.358605	829.415	774.459	1240.88	
46021.7	-0.563555	-0.021685	-0.355722	831.026	775.638	1241.91	
46025	-0.563258	-0.0225733	-0.352698	832.592	776.805	1242.9	
46030	-0.563045	-0.0232083	-0.349464	834.118	778.001	1243.88	
46033.3	-0.56288	-0.0236222	-0.34619	835.629	779.194	1244.88	
46038.3	-0.562711	-0.0241544	-0.342745	837.221	780.49	1246.02	
46041.7	-0.562487	-0.0247964	-0.339389	838.762	781.774	1247.17	
46046.7	-0.562193	-0.0253509	-0.335804	840.292	783.031	1248.28	
46050	-0.561958	-0.0257456	-0.332099	841.814	784.286	1249.35	
46055	-0.561806	-0.025847	-0.328218	843.363	785.608	1250.43	
46058.3	-0.561598	-0.025882	-0.324402	844.854	786.889	1251.47	
46063.3	-0.561345	-0.0260233	-0.320667	846.339	788.163	1252.56	
46066.7	-0.561139	-0.0261457	-0.317024	847.788	789.425	1253.67	
46071.7	-0.560942	-0.0259871	-0.313049	849.238	790.763	1254.82	
46075	-0.560762	-0.0256558	-0.308951	850.668	792.108	1255.97	
46080	-0.560642	-0.0251891	-0.304781	852.129	793.465	1257.12	
46083.3	-0.560523	-0.0246839	-0.300743	853.561	794.794	1258.23	
46088.3	-0.560403	-0.0240832	-0.296758	855.004	796.16	1259.49	
46091.7	-0.56032	-0.0233936	-0.292891	856.408	797.501	1260.79	
46096.7	-0.560275	-0.0225402	-0.289021	857.805	798.848	1262.07	
46100	-0.56027	-0.0216458	-0.285166	859.17	800.193	1263.29	
46105	-0.560311	-0.0206606	-0.281115	860.556	801.606	1264.6	
46108.3	-0.560303	-0.0196865	-0.277167	861.941	803.015	1265.96	
46113.3	-0.560253	-0.0186769	-0.273391	863.364	804.47	1267.41	
46116.7	-0.560199	-0.0176297	-0.269839	864.724	805.894	1268.86	
46121.7	-0.560123	-0.0164173	-0.266448	866.047	807.299	1270.3	
46125	-0.560069	-0.0151471	-0.263101	867.334	808.671	1271.7	
46130	-0.560049	-0.0138216	-0.259612	868.64	810.085	1273.16	
46133.3	-0.559978	-0.0125316	-0.256258	869.93	811.482	1274.62	
46138.3	-0.559873	-0.0112036	-0.253286	871.22	812.879	1276.18	
46141.7	-0.559807	-0.00977313	-0.250574	872.465	814.255	1277.76	
46146.7	-0.55975	-0.00814542	-0.247836	873.717	815.688	1279.43	
46150	-0.559686	-0.00653513	-0.245144	874.939	817.105	1281.1	
46155	-0.559659	-0.00502468	-0.242766	876.154	818.506	1282.78	
46158.3	-0.559645	-0.00359611	-0.240694	877.359	819.846	1284.45	
46163.3	-0.559654	-0.002114	-0.23888	878.594	821.144	1286.15	
46166.7	-0.559619	-0.000633955	-0.237326	879.762	822.385	1287.77	
46171.7	-0.559505	0.00086499	-0.236015	880.896	823.62	1289.53	
46175	-0.559403	0.0023704	-0.234806	882.033	824.858	1291.35	
46180	-0.559314	0.00394689	-0.233919	883.192	826.15	1293.23	
46183.3	-0.559249	0.00548323	-0.233215	884.322	827.408	1295.11	
46188.3	-0.559217	0.00704846	-0.23252	885.467	828.682	1297.06	
46191.7	-0.559177	0.00860858	-0.231893	886.559	829.95	1298.98	
46196.7	-0.559163	0.0101452	-0.231619	887.615	831.199	1300.89	
46200	-0.559192	0.0117085	-0.23159	888.638	832.395	1302.78	
46205	-0.559246	0.0134375	-0.231799	889.652	833.602	1304.74	
46208.3	-0.559256	0.0150998	-0.232104	890.654	834.799	1306.7	
46213.3	-0.559195	0.0166118	-0.232441	891.7	836.029	1308.72	
46216.7	-0.559123	0.0180391	-0.232857	892.72	837.22	1310.71	
46221.7	-0.559074	0.0194392	-0.233644	893.72	838.418	1312.84	
46225	-0.559052	0.0207928	-0.234598	894.712	839.609	1315.01	
46230	-0.559051	0.0222868	-0.235588	895.725	840.84	1317.23	
46233.3	-0.559028	0.0238329	-0.236641	896.705	842.046	1319.42	
46238.3	-0.55896	0.0252603	-0.238032	897.689	843.205	1321.64	
46241.7	-0.558935	0.026569	-0.239526	898.638	844.321	1323.81	
46246.7	-0.559005	0.0278577	-0.241179	899.57	845.464	1326.06	
46250	-0.559095	0.0290978	-0.242887	900.503	846.583	1328.32	
46255	-0.559203	0.0304528	-0.244722	901.46	847.696	1330.65	
46258.3	-0.559306	0.0318852	-0.246689	902.355	848.767	1332.95	
46263.3	-0.559397	0.0333504	-0.248864	903.216	849.811	1335.22	
46266.7	-0.559469	0.0347233	-0.251046	904.087	850.824	1337.45	
46271.7	-0.559494	0.0358119	-0.253394	905.028	851.844	1339.84	
46275	-0.559533	0.0367647	-0.255796	905.949	852.848	1342.22	
46280	-0.559611	0.0376625	-0.258376	906.863	853.85	1344.63	
46283.3	-0.559698	0.0384535	-0.260959	907.756	854.799	1347	
46288.3	-0.559776	0.0391213	-0.263534	908.658	855.747	1349.44	
46291.7	-0.55984	0.0397761	-0.266165	909.548	856.681	1351.89	
46296.7	-0.559871	0.0403704	-0.26888	910.47	857.636	1354.45	
46300	-0.559886	0.0408509	-0.271518	911.38	858.578	1357	
46305	-0.559913	0.0412613	-0.274327	912.285	859.499	1359.55	
46308.3	-0.559942	0.0416118	-0.277177	913.172	860.396	1362.05	
46313.3	-0.559994	0.0420212	-0.280143	914.063	861.329	1364.64	
46316.7	-0.560077	0.0425155	-0.283098	914.924	862.24	1367.23	
46321.7	-0.560182	0.0429422	-0.285999	915.799	863.137	1369.92	
46325	-0.560276	0.0432699	-0.288838	916.666	864.024	1372.6	
46330	-0.560341	0.0435657	-0.291742	917.54	864.96	1375.3	
46333.3	-0.560402	0.0438153	-0.294544	918.392	865.878	1377.95	
46338.3	-0.560454	0.0439057	-0.297177	919.278	866.804	1380.74	
46341.7	-0.560502	0.0439227	-0.299722	920.173	867.712	1383.56	
46346.7	-0.560521	0.0438448	-0.302347	921.105	868.586	1386.46	
46350	-0.560508	0.043731	-0.304914	922.005	869.47	1389.29	
46355	-0.56047	0.0437125	-0.307292	922.883	870.471	1392.13	
46358.3	-0.560471	0.0437839	-0.309525	923.729	871.446	1394.93	
46363.3	-0.560544	0.0439191	-0.311751	924.564	872.381	1397.78	
46366.7	-0.560602	0.0440046	-0.313907	925.382	873.299	1400.58	
46371.7	-0.560574	0.0438922	-0.315965	926.228	874.268	1403.5	
46375	-0.560488	0.0436905	-0.317946	927.082	875.245	1406.44	
46380	-0.560386	0.0432847	-0.319994	927.982	876.2	1409.42	
46383.3	-0.560337	0.0427693	-0.321986	928.905	877.129	1412.36	
46388.3	-0.560298	0.0420647	-0.323725	929.914	878.119	1415.43	
46391.7	-0.560174	0.0412209	-0.32535	930.902	879.085	1418.48	
46396.7	-0.559969	0.0404394	-0.326975	931.867	879.978	1421.54	
46400	-0.559827	0.0398108	-0.328489	932.804	880.826	1424.53	
46405	-0.559713	0.0391878	-0.329706	933.762	881.792	1427.71	
46408.3	-0.559563	0.0384622	-0.330683	934.753	882.799	1430.96	
46413.3	-0.559467	0.0380162	-0.331584	935.775	883.761	1434.18	
46416.7	-0.559404	0.0378011	-0.332437	936.715	884.668	1437.26	
46421.7	-0.559272	0.0373961	-0.332735	937.656	885.644	1440.47	
46425	-0.559132	0.0369498	-0.332748	938.59	886.644	1443.69	
46430	-0.55897	0.0364491	-0.33269	939.523	887.671	1446.95	
46433.3	-0.55877	0.0358498	-0.332589	940.473	888.69	1450.19	
46438.3	-0.558586	0.0353587	-0.332302	941.468	889.705	1453.46	
46441.7	-0.558452	0.0349909	-0.331828	942.427	890.663	1456.64	
46446.7	-0.558327	0.0345563	-0.330911	943.403	891.611	1459.9	
46450	-0.558226	0.0341484	-0.329843	944.364	892.548	1463.13	
46455	-0.558139	0.0339526	-0.328656	945.317	893.499	1466.39	
46458.3	-0.557973	0.033746	-0.327387	946.28	894.436	1469.61	
46463.3	-0.557746	0.0334426	-0.325879	947.302	895.43	1472.99	
46466.7	-0.557568	0.0332239	-0.324288	948.287	896.441	1476.38	
46471.7	-0.557403	0.0330984	-0.322488	949.258	897.461	1479.76	
46475	-0.557228	0.0329442	-0.320568	950.21	898.453	1483.06	
46480	-0.557019	0.0326755	-0.318205	951.192	899.497	1486.46	
46483.3	-0.556796	0.0323301	-0.315587	952.205	900.56	1489.87	
46488.3	-0.556555	0.0319644	-0.312532	953.289	901.695	1493.47	
46491.7	-0.556295	0.0316414	-0.3093	954.372	902.841	1497.08	
46496.7	-0.556084	0.0313867	-0.305633	955.493	903.961	1500.73	
46500	-0.555925	0.0311306	-0.30182	956.546	904.996	1504.27	
46505	-0.555809	0.031122	-0.298124	957.479	905.984	1507.69	
46508.3	-0.555728	0.0312929	-0.294534	958.399	906.966	1511.02	
46513.3	-0.555592	0.0311316	-0.290681	959.418	908.025	1514.57	
46516.7	-0.555372	0.0308428	-0.28693	960.397	909.063	1518.14	
46521.7	-0.555114	0.0308631	-0.283194	961.312	910.074	1521.75	
46525	-0.554886	0.0309214	-0.279266	962.24	911.068	1525.34	
46530	-0.554658	0.0308821	-0.274821	963.228	912.079	1528.99	
46533.3	-0.554417	0.0309283	-0.27043	964.18	913.062	1532.57	
46538.3	-0.554149	0.0310119	-0.26583	965.137	914.062	1536.27	
46541.7	-0.553873	0.0310426	-0.261073	966.081	915.047	1539.96	
46546.7	-0.553584	0.0310519	-0.256136	967.022	916.04	1543.72	
46550	-0.553319	0.0311029	-0.25123	967.957	917.022	1547.46	
46555	-0.553085	0.0313815	-0.246271	968.896	918.009	1551.25	
46558.3	-0.552826	0.0316846	-0.241318	969.816	918.97	1554.97	
46563.3	-0.552599	0.0319524	-0.236572	970.731	919.874	1558.71	
46566.7	-0.552408	0.0322527	-0.232147	971.607	920.736	1562.38	
46571.7	-0.552166	0.0324595	-0.227645	972.508	921.626	1566.2	
46575	-0.551891	0.0325728	-0.223161	973.395	922.498	1570.03	
46580	-0.551568	0.0326281	-0.218387	974.281	923.456	1573.99	
46583.3	-0.551251	0.0327547	-0.21358	975.177	924.471	1577.98	
46588.3	-0.551012	0.0331562	-0.209126	976.072	925.436	1581.99	
46591.7	-0.550758	0.0335919	-0.205057	976.905	926.3	1585.88	
46596.7	-0.550425	0.0339241	-0.201182	977.708	927.135	1589.84	
46600	-0.550132	0.0342753	-0.197347	978.513	927.977	1593.76	
46605	-0.549875	0.0347763	-0.193477	979.334	928.825	1597.76	
46608.3	-0.549641	0.0353223	-0.189729	980.134	929.601	1601.72	
46613.3	-0.549487	0.0358038	-0.186144	980.949	930.343	1605.87	
46616.7	-0.549334	0.0362218	-0.182754	981.759	931.098	1610.04	
46621.7	-0.54917	0.0366862	-0.179699	982.566	931.818	1614.23	
46625	-0.549009	0.0372201	-0.176968	983.344	932.467	1618.34	
46630	-0.548837	0.0380626	-0.174351	984.112	933.152	1622.62	
46633.3	-0.548632	0.0389847	-0.171836	984.83	933.864	1626.88	
46638.3	-0.548396	0.0393911	-0.169861	985.524	934.481	1631.13	
46641.7	-0.548186	0.0395597	-0.168287	986.226	935.02	1635.32	
46646.7	-0.547967	0.0400938	-0.166788	986.929	935.608	1639.67	
46650	-0.547753	0.0407866	-0.165303	987.592	936.188	1644.01	
46655	-0.547594	0.0414841	-0.164237	988.22	936.688	1648.44	
46658.3	-0.547433	0.0420843	-0.163476	988.826	937.148	1652.82	
46663.3	-0.547225	0.0426155	-0.162914	989.424	937.619	1657.27	
46666.7	-0.547068	0.0433441	-0.162497	990.015	938.086	1661.7	
46671.7	-0.547046	0.0444307	-0.162457	990.606	938.496	1666.23	
46675	-0.547088	0.0455232	-0.162605	991.155	938.862	1670.69	
46680	-0.547121	0.0463115	-0.162819	991.694	939.27	1675.26	
46683.3	-0.547063	0.0469687	-0.163235	992.228	939.695	1679.81	
46688.3	-0.546932	0.047692	-0.164097	992.757	940.064	1684.45	
46691.7	-0.546825	0.0483933	-0.165106	993.286	940.394	1689.07	
46696.7	-0.546743	0.048795	-0.166414	993.85	940.669	1693.76	
46700	-0.546662	0.0490818	-0.167959	994.411	940.901	1698.4	
46705	-0.546607	0.0497572	-0.170046	994.927	941.104	1703.06	
46708.3	-0.546606	0.0505884	-0.172295	995.392	941.283	1707.61	
46713.3	-0.546602	0.0511425	-0.174075	995.912	941.574	1712.54	
46716.7	-0.546555	0.0515156	-0.175665	996.452	941.898	1717.6	
46721.7	-0.546547	0.0520597	-0.178025	996.923	942.077	1722.55	
46725	-0.546563	0.0526987	-0.180674	997.314	942.164	1727.27	
46730	-0.546516	0.0531749	-0.18315	997.691	942.248	1732.15	
46733.3	-0.54647	0.0535427	-0.18549	998.085	942.355	1737.04	
46738.3	-0.546495	0.0538143	-0.188208	998.471	942.416	1741.94	
46741.7	-0.546537	0.0540036	-0.191203	998.809	942.413	1746.73	
46746.7	-0.54659	0.0543056	-0.194352	999.105	942.354	1751.62	
46750	-0.546685	0.0546913	-0.197497	999.39	942.291	1756.5	
46755	-0.546843	0.0550053	-0.200889	999.66	942.232	1761.44	
46758.3	-0.54694	0.0553001	-0.204465	999.933	942.141	1766.34	
46763.3	-0.5469	0.0555834	-0.208137	1000.25	941.997	1771.39	
46766.7	-0.546897	0.0559064	-0.211649	1000.53	941.856	1776.37	
46771.7	-0.547002	0.0560344	-0.215306	1000.78	941.705	1781.44	
46775	-0.547099	0.0558868	-0.218976	1001.02	941.544	1786.45	
46780	-0.54719	0.0558352	-0.222817	1001.22	941.359	1791.5	
46783.3	-0.547306	0.0559175	-0.226777	1001.39	941.163	1796.47	
46788.3	-0.547408	0.0559897	-0.23066	1001.57	940.941	1801.53	
46791.7	-0.547509	0.0560815	-0.23437	1001.78	940.69	1806.56	
46796.7	-0.547618	0.0562357	-0.238026	1002.02	940.457	1811.81	
46800	-0.547726	0.0564097	-0.241572	1002.25	940.256	1817.04	
46805	-0.547859	0.0565285	-0.245084	1002.48	940.078	1822.38	
46808.3	-0.547986	0.0566163	-0.24857	1002.66	939.895	1827.64	
46813.3	-0.548138	0.0567746	-0.252296	1002.78	939.643	1832.92	
46816.7	-0.548325	0.0569986	-0.256033	1002.9	939.378	1838.13	
46821.7	-0.54849	0.0569057	-0.259758	1003.06	939.094	1843.45	
46825	-0.548582	0.0564375	-0.263372	1003.26	938.774	1848.7	
46830	-0.548619	0.0558857	-0.266992	1003.47	938.453	1854.11	
46833.3	-0.548655	0.0554627	-0.270628	1003.67	938.154	1859.5	
46838.3	-0.548699	0.0549648	-0.274414	1003.88	937.812	1864.97	
46841.7	-0.548739	0.0543549	-0.278146	1004.09	937.458	1870.35	
46846.7	-0.5487	0.0537526	-0.281528	1004.32	937.107	1875.79	
46850	-0.548645	0.0532477	-0.284698	1004.55	936.753	1881.19	
46855	-0.54861	0.0525275	-0.28804	1004.81	936.389	1886.74	
46858.3	-0.548622	0.0515915	-0.291237	1005.06	936.013	1892.25	
46863.3	-0.548688	0.0504406	-0.29425	1005.32	935.604	1897.84	
46866.7	-0.548674	0.049166	-0.297301	1005.56	935.217	1903.36	
46871.7	-0.548628	0.048121	-0.300559	1005.77	934.841	1908.87	
46875	-0.548666	0.0473735	-0.303811	1005.95	934.454	1914.28	
46880	-0.548752	0.0466401	-0.306895	1006.14	934.049	1919.83	
46883.3	-0.548813	0.0458268	-0.309774	1006.34	933.632	1925.35	
46888.3	-0.548805	0.0449375	-0.312407	1006.55	933.206	1930.99	
46891.7	-0.548744	0.0439595	-0.314836	1006.8	932.854	1936.61	
46896.7	-0.548633	0.0429207	-0.31705	1007.11	932.559	1942.32	
46900	-0.548544	0.0420465	-0.319212	1007.34	932.208	1947.9	
46905	-0.548502	0.0410179	-0.321677	1007.48	931.767	1953.5	
46908.3	-0.54846	0.0399687	-0.324284	1007.63	931.316	1959.06	
46913.3	-0.548398	0.0390491	-0.326669	1007.78	930.884	1964.75	
46916.7	-0.548324	0.0379428	-0.328722	1007.96	930.498	1970.4	
46921.7	-0.548266	0.03691	-0.330712	1008.15	930.107	1976.07	
46925	-0.548191	0.036034	-0.332691	1008.32	929.692	1981.63	
46930	-0.548064	0.0349714	-0.33466	1008.5	929.199	1987.23	
46933.3	-0.547948	0.0339727	-0.336697	1008.71	928.692	1992.78	
46938.3	-0.54782	0.0331947	-0.338584	1008.98	928.307	1998.64	
46941.7	-0.547678	0.0323441	-0.340112	1009.25	927.991	2004.52	
46946.7	-0.547567	0.0317048	-0.341302	1009.5	927.679	2010.41	
46950	-0.547457	0.0312262	-0.342319	1009.72	927.403	2016.17	
46955	-0.54732	0.0302973	-0.343322	1009.93	927.126	2021.93	
46958.3	-0.547196	0.0292486	-0.344343	1010.17	926.843	2027.63	
46963.3	-0.547115	0.0284231	-0.34538	1010.42	926.553	2033.44	
46966.7	-0.547026	0.0275954	-0.346473	1010.68	926.236	2039.18	
46971.7	-0.546883	0.0266385	-0.347531	1010.94	925.865	2044.91	
46975	-0.546768	0.0258312	-0.348563	1011.2	925.499	2050.54	
46980	-0.546744	0.0253866	-0.34963	1011.47	925.206	2056.37	
46983.3	-0.546757	0.0251562	-0.350691	1011.7	924.946	2062.17	
46988.3	-0.546788	0.0251309	-0.351822	1011.88	924.638	2068.03	
46991.7	-0.546811	0.025066	-0.352866	1012.06	924.323	2073.81	
46996.7	-0.546759	0.0247648	-0.353529	1012.25	924.049	2079.68	
47000	-0.546682	0.0244572	-0.354135	1012.45	923.798	2085.49	
47005	-0.546641	0.0243725	-0.354735	1012.62	923.539	2091.41	
47008.3	-0.546625	0.0243329	-0.355096	1012.82	923.292	2097.29	
47013.3	-0.546613	0.0242289	-0.355372	1013.07	923.075	2103.36	
47016.7	-0.546532	0.0241597	-0.35586	1013.33	922.897	2109.43	
47021.7	-0.54644	0.0241317	-0.35676	1013.58	922.659	2115.5	
47025	-0.546441	0.0240964	-0.357699	1013.79	922.346	2121.37	
47030	-0.546427	0.0239554	-0.358391	1013.94	922.014	2127.21	
47033.3	-0.546363	0.0238157	-0.359051	1014.11	921.689	2133	
47038.3	-0.546351	0.0239117	-0.359867	1014.32	921.417	2139.05	
47041.7	-0.546377	0.0240728	-0.360631	1014.52	921.219	2145.1	
47046.7	-0.546335	0.024075	-0.360962	1014.75	921.036	2151.23	
47050	-0.54625	0.0239558	-0.361138	1015	920.826	2157.3	
47055	-0.546223	0.0240791	-0.361238	1015.25	920.65	2163.43	
47058.3	-0.546246	0.0243161	-0.361169	1015.48	920.508	2169.47	
47063.3	-0.546291	0.0243665	-0.361176	1015.74	920.292	2175.62	
47066.7	-0.546278	0.024277	-0.361312	1015.99	920.059	2181.71	
47071.7	-0.546226	0.0242646	-0.361441	1016.22	919.854	2187.71	
47075	-0.546229	0.0244513	-0.361393	1016.4	919.68	2193.51	
47080	-0.546285	0.0249172	-0.361081	1016.53	919.534	2199.38	
47083.3	-0.546325	0.0255014	-0.360926	1016.65	919.343	2205.21	
47088.3	-0.546304	0.025963	-0.360893	1016.77	919.139	2211.21	
47091.7	-0.546326	0.0264123	-0.360748	1016.9	918.981	2217.2	
47096.7	-0.546451	0.0271408	-0.360516	1017.02	918.813	2223.18	
47100	-0.546574	0.0278926	-0.360228	1017.21	918.675	2229.11	
47105	-0.546674	0.0286649	-0.359654	1017.53	918.634	2235.35	
47108.3	-0.546747	0.0295237	-0.359014	1017.8	918.589	2241.53	
47113.3	-0.54679	0.0304117	-0.358506	1017.98	918.468	2247.57	
47116.7	-0.546861	0.0313734	-0.358216	1018.11	918.33	2253.43	
47121.7	-0.546965	0.0324027	-0.358316	1018.19	918.189	2259.35	
47125	-0.547026	0.0332275	-0.358414	1018.3	918.068	2265.24	
47130	-0.547037	0.0337671	-0.358529	1018.45	917.905	2271.19	
47133.3	-0.547043	0.0342373	-0.35872	1018.58	917.707	2277.03	
47138.3	-0.547076	0.0352123	-0.358482	1018.68	917.605	2283.01	
47141.7	-0.547162	0.0364998	-0.357979	1018.76	917.573	2288.98	
47146.7	-0.547341	0.037339	-0.357905	1018.86	917.43	2294.88	
47150	-0.547551	0.0378846	-0.35813	1018.95	917.186	2300.61	
47155	-0.547752	0.0386924	-0.358142	1019.01	916.991	2306.43	
47158.3	-0.547937	0.0396386	-0.358044	1019.07	916.854	2312.21	
47163.3	-0.548102	0.0406321	-0.357743	1019.14	916.738	2318.15	
47166.7	-0.548207	0.0414473	-0.357188	1019.25	916.642	2324.08	
47171.7	-0.548229	0.0418192	-0.35642	1019.41	916.548	2330.11	
47175	-0.54824	0.042199	-0.355848	1019.55	916.417	2336.09	
47180	-0.548336	0.0428666	-0.35602	1019.65	916.214	2342.14	
47183.3	-0.548443	0.0436296	-0.356613	1019.74	916.033	2348.12	
47188.3	-0.548449	0.0444001	-0.357398	1019.84	915.908	2354.19	
47191.7	-0.548388	0.0449093	-0.35801	1019.95	915.783	2360.16	
47196.7	-0.548319	0.0453651	-0.358367	1020.04	915.623	2366.03	
47200	-0.548339	0.0461718	-0.358729	1020.14	915.47	2371.76	
47205	-0.548431	0.0471603	-0.35902	1020.27	915.37	2377.74	
47208.3	-0.548566	0.0481038	-0.35898	1020.37	915.325	2383.66	
47213.3	-0.548787	0.0492245	-0.358553	1020.41	915.352	2389.58	
47216.7	-0.548974	0.0502975	-0.358226	1020.52	915.338	2395.57	
47221.7	-0.549114	0.0512536	-0.357893	1020.76	915.228	2401.69	
47225	-0.549191	0.0520554	-0.357492	1021	915.143	2407.68	
47230	-0.549233	0.0527254	-0.35736	1021.26	915.07	2413.69	
47233.3	-0.549291	0.0533907	-0.357343	1021.51	914.967	2419.62	
47238.3	-0.549337	0.0539005	-0.357408	1021.8	914.83	2425.59	
47241.7	-0.549334	0.0543689	-0.357673	1022.08	914.672	2431.45	
47246.7	-0.549189	0.0547777	-0.357663	1022.39	914.584	2437.55	
47250	-0.549189	0.0553203	-0.357186	1022.66	914.553	2443.61	
47255	-0.54945	0.0559483	-0.357069	1022.85	914.48	2449.63	
47258.3	-0.54961	0.0563155	-0.357626	1023.02	914.38	2455.57	
47263.3	-0.549622	0.0566522	-0.358058	1023.18	914.283	2461.52	
47266.7	-0.54965	0.0569417	-0.357973	1023.39	914.202	2467.45	
47271.7	-0.549719	0.0572161	-0.357366	1023.69	914.123	2473.53	
47275	-0.549755	0.0576678	-0.356739	1023.98	914.027	2479.57	
47280	-0.54975	0.0584283	-0.356504	1024.26	913.951	2485.74	
47283.3	-0.549777	0.0593718	-0.356408	1024.46	913.88	2491.79	
47288.3	-0.549837	0.0602241	-0.356491	1024.55	913.712	2497.6	
47291.7	-0.549907	0.0608535	-0.356666	1024.67	913.521	2503.26	
47296.7	-0.549987	0.0611495	-0.356948	1024.85	913.365	2509.09	
47300	-0.550061	0.0612525	-0.357302	1025.05	913.201	2514.9	
47305	-0.550109	0.0614596	-0.357609	1025.26	913.011	2520.75	
47308.3	-0.55017	0.0617934	-0.357754	1025.43	912.826	2526.44	
47313.3	-0.550301	0.0622011	-0.357879	1025.53	912.602	2531.98	
47316.7	-0.550459	0.0627406	-0.358313	1025.64	912.354	2537.42	
47321.7	-0.550586	0.0631999	-0.358794	1025.79	912.089	2543.01	
47325	-0.550692	0.0635597	-0.359095	1025.94	911.818	2548.53	
47330	-0.550833	0.0639834	-0.359395	1026.07	911.538	2554.08	
47333.3	-0.550999	0.0643638	-0.359674	1026.23	911.275	2559.61	
47338.3	-0.551208	0.064942	-0.359856	1026.44	911.028	2565.19	
47341.7	-0.551345	0.0654163	-0.360084	1026.62	910.763	2570.61	
47346.7	-0.551372	0.065619	-0.360542	1026.79	910.482	2576.12	
47350	-0.551365	0.0658615	-0.361181	1026.95	910.206	2581.6	
47355	-0.551301	0.0660334	-0.361957	1027.1	909.844	2586.95	
47358.3	-0.551339	0.0661909	-0.36236	1027.26	909.475	2592.14	
47363.3	-0.551542	0.0665384	-0.362312	1027.46	909.223	2597.51	
47366.7	-0.551706	0.067015	-0.36254	1027.6	908.981	2602.85	
47371.7	-0.551772	0.0675239	-0.36296	1027.7	908.665	2608.15	
47375	-0.551896	0.0681013	-0.363117	1027.83	908.393	2613.38	
47380	-0.552102	0.0684424	-0.363365	1028	908.163	2618.77	
47383.3	-0.552284	0.0685961	-0.36389	1028.17	907.926	2624.14	
47388.3	-0.552446	0.0684089	-0.364557	1028.35	907.672	2629.54	
47391.7	-0.552561	0.0677863	-0.365204	1028.58	907.371	2634.91	
47396.7	-0.552608	0.0672912	-0.365266	1028.88	907.061	2640.46	
47400	-0.552637	0.0669479	-0.36506	1029.16	906.78	2645.96	
47405	-0.552689	0.0662931	-0.365267	1029.42	906.428	2651.37	
47408.3	-0.552718	0.0654769	-0.365622	1029.7	906.054	2656.65	
47413.3	-0.552749	0.0647777	-0.365834	1030	905.719	2662.04	
47416.7	-0.552778	0.0641857	-0.366211	1030.26	905.379	2667.33	
47421.7	-0.552773	0.0638947	-0.366792	1030.46	905.082	2672.77	
47425	-0.552845	0.0638755	-0.367167	1030.61	904.833	2678.19	
47430	-0.552975	0.0636912	-0.367257	1030.73	904.476	2683.38	
47433.3	-0.553056	0.0634125	-0.367299	1030.89	904.081	2688.42	
47438.3	-0.553103	0.0632405	-0.367463	1031.07	903.736	2693.54	
47441.7	-0.553189	0.0632815	-0.367806	1031.26	903.428	2698.61	
47446.7	-0.553364	0.0635986	-0.368454	1031.47	903.112	2703.75	
47450	-0.553547	0.0637539	-0.369171	1031.67	902.755	2708.8	
47455	-0.553757	0.0635107	-0.370271	1031.86	902.311	2713.81	
47458.3	-0.553945	0.06308	-0.371618	1031.99	901.807	2718.65	
47463.3	-0.554136	0.0628514	-0.372798	1032.05	901.195	2723.4	
47466.7	-0.554399	0.0627529	-0.373661	1032.12	900.571	2728.08	
47471.7	-0.55466	0.0625139	-0.374245	1032.23	900.061	2732.93	
47475	-0.554826	0.0621025	-0.374756	1032.39	899.629	2737.83	
47480	-0.554883	0.0611925	-0.374944	1032.66	899.143	2742.9	
47483.3	-0.554966	0.0604388	-0.375213	1032.92	898.655	2747.94	
47488.3	-0.555131	0.0604688	-0.375887	1033.14	898.155	2752.91	
47491.7	-0.555271	0.06045	-0.3765	1033.39	897.656	2757.78	
47496.7	-0.55538	0.0601249	-0.376836	1033.7	897.237	2762.79	
47500	-0.555503	0.0598756	-0.37703	1033.94	896.803	2767.67	
47505	-0.555685	0.0597584	-0.377324	1034.1	896.27	2772.36	
47508.3	-0.555875	0.0596238	-0.377773	1034.24	895.697	2776.91	
47513.3	-0.555951	0.0591633	-0.378265	1034.4	895.069	2781.59	
47516.7	-0.556084	0.0591478	-0.379029	1034.42	894.419	2786.13	
47521.7	-0.556406	0.0601774	-0.380251	1034.23	893.742	2790.5	
47525	-0.556642	0.0611	-0.381372	1034.07	893.139	2794.83	
47530	-0.556762	0.061872	-0.381976	1033.94	892.61	2799.19	
47533.3	-0.556966	0.0625936	-0.382102	1033.91	892.095	2803.57	
47538.3	-0.557214	0.0627991	-0.382227	1033.98	891.539	2808.07	
47541.7	-0.557362	0.0627038	-0.382595	1034.06	890.953	2812.48	
47546.7	-0.557544	0.062769	-0.38321	1034.12	890.352	2816.86	
47550	-0.557758	0.0631165	-0.384285	1034.13	889.735	2821.11	
47555	-0.557915	0.0634436	-0.385658	1034.09	889.055	2825.37	
47558.3	-0.558129	0.0636312	-0.386563	1034.1	888.405	2829.6	
47563.3	-0.558499	0.0638923	-0.387437	1034.14	887.744	2833.88	
47566.7	-0.558849	0.0641216	-0.388556	1034.2	887.037	2838.12	
47571.7	-0.559066	0.0640815	-0.389216	1034.31	886.322	2842.46	
47575	-0.559286	0.0640981	-0.389702	1034.41	885.633	2846.72	
47580	-0.559555	0.0644737	-0.390696	1034.45	884.884	2850.81	
47583.3	-0.559828	0.064832	-0.391626	1034.5	884.132	2854.76	
47588.3	-0.560103	0.0652964	-0.391455	1034.62	883.439	2858.84	
47591.7	-0.560364	0.0659789	-0.390874	1034.71	882.767	2862.86	
47596.7	-0.560636	0.066432	-0.390668	1034.77	882.024	2866.77	
47600	-0.56091	0.0665913	-0.390689	1034.84	881.249	2870.58	
47605	-0.561206	0.0669756	-0.390708	1034.91	880.446	2874.45	
47608.3	-0.561454	0.0672897	-0.390533	1035.05	879.669	2878.37	
47613.3	-0.561625	0.0671146	-0.390028	1035.29	878.931	2882.47	
47616.7	-0.561789	0.0671045	-0.389658	1035.53	878.235	2886.56	
47621.7	-0.562	0.0674327	-0.38996	1035.73	877.556	2890.69	
47625	-0.562262	0.0676901	-0.390526	1035.9	876.845	2894.7	
47630	-0.562503	0.0676815	-0.390889	1036.05	876.028	2898.51	
47633.3	-0.562655	0.0675782	-0.391086	1036.21	875.185	2902.14	
47638.3	-0.562766	0.067573	-0.390994	1036.36	874.336	2905.8	
47641.7	-0.562835	0.0674193	-0.390749	1036.5	873.482	2909.41	
47646.7	-0.562882	0.0670113	-0.390796	1036.64	872.575	2912.81	
47650	-0.562975	0.0666071	-0.390943	1036.73	871.688	2915.99	
47655	-0.563073	0.0663285	-0.390833	1036.8	870.823	2919.24	
47658.3	-0.563204	0.0662451	-0.390695	1036.85	869.992	2922.49	
47663.3	-0.563397	0.0659484	-0.390878	1036.87	869.152	2925.76	
47666.7	-0.56361	0.0655262	-0.391225	1036.87	868.254	2928.99	
47671.7	-0.563765	0.0650962	-0.391326	1036.83	867.268	2932.05	
47675	-0.563881	0.0645015	-0.391075	1036.82	866.325	2935	
47680	-0.564042	0.0637037	-0.390959	1036.83	865.392	2938.01	
47683.3	-0.564238	0.0630441	-0.391133	1036.89	864.444	2941.09	
47688.3	-0.564512	0.063025	-0.390891	1037.02	863.44	2944.26	
47691.7	-0.56483	0.0633275	-0.390457	1037.05	862.42	2947.21	
47696.7	-0.565223	0.0642428	-0.390296	1036.92	861.351	2949.85	
47700	-0.565625	0.0653962	-0.390153	1036.81	860.308	2952.44	
47705	-0.565932	0.0656874	-0.390102	1036.8	859.236	2955.02	
47708.3	-0.566169	0.0652024	-0.390086	1036.85	858.108	2957.53	
47713.3	-0.566447	0.0646306	-0.389677	1036.96	856.93	2960.01	
47716.7	-0.566718	0.0643408	-0.389227	1037.01	855.776	2962.32	
47721.7	-0.566841	0.0638585	-0.388976	1037	854.619	2964.6	
47725	-0.566924	0.063177	-0.388765	1037.05	853.462	2966.94	
47730	-0.567126	0.0628651	-0.388512	1037.13	852.332	2969.46	
47733.3	-0.567394	0.0628145	-0.388048	1037.16	851.269	2971.92	
47738.3	-0.567671	0.0626147	-0.387472	1037.13	850.184	2974.24	
47741.7	-0.568019	0.062757	-0.387031	1037.06	849.087	2976.49	
47746.7	-0.568477	0.0636293	-0.386615	1036.94	847.975	2978.61	
47750	-0.568815	0.064105	-0.386241	1036.84	846.861	2980.65	
47755	-0.568999	0.0638946	-0.385986	1036.78	845.647	2982.68	
47758.3	-0.569106	0.0636325	-0.385846	1036.73	844.413	2984.68	
47763.3	-0.569131	0.0632111	-0.386159	1036.7	843.17	2986.69	
47766.7	-0.569231	0.0627405	-0.386475	1036.66	841.929	2988.62	
47771.7	-0.569504	0.0626606	-0.386547	1036.59	840.617	2990.41	
47775	-0.569861	0.0629396	-0.386693	1036.48	839.257	2992.07	
47780	-0.570146	0.0631493	-0.386417	1036.36	837.845	2993.69	
47783.3	-0.570298	0.0631529	-0.385918	1036.23	836.444	2995.24	
47788.3	-0.570468	0.063246	-0.386074	1036.04	834.951	2996.7	
47791.7	-0.570718	0.0633966	-0.386605	1035.85	833.488	2998.15	
47796.7	-0.570993	0.0637612	-0.386812	1035.69	832.126	2999.59	
47800	-0.571221	0.0640227	-0.386564	1035.51	830.718	3000.96	
47805	-0.571419	0.0638357	-0.386136	1035.34	829.119	3002.29	
47808.3	-0.571649	0.0636507	-0.385677	1035.17	827.551	3003.6	
47813.3	-0.571911	0.0633576	-0.384826	1035.01	826.073	3004.88	
47816.7	-0.572159	0.062955	-0.383936	1034.88	824.638	3006.18	
47821.7	-0.57242	0.0627301	-0.383277	1034.78	823.097	3007.45	
47825	-0.572764	0.0628019	-0.38255	1034.61	821.539	3008.55	
47830	-0.573205	0.0632011	-0.381573	1034.36	820.046	3009.45	
47833.3	-0.573536	0.0633546	-0.380746	1034.13	818.589	3010.32	
47838.3	-0.573709	0.0629904	-0.380386	1033.94	817.028	3011.12	
47841.7	-0.573866	0.062509	-0.380222	1033.71	815.407	3011.78	
47846.7	-0.57399	0.0617242	-0.380235	1033.45	813.64	3012.27	
47850	-0.574121	0.0609201	-0.380266	1033.2	811.857	3012.69	
47855	-0.574323	0.0606216	-0.379968	1032.94	810.092	3013.16	
47858.3	-0.574544	0.0605859	-0.379629	1032.64	808.349	3013.6	
47863.3	-0.574721	0.0602468	-0.379428	1032.31	806.608	3014.03	
47866.7	-0.574887	0.0596368	-0.379083	1031.98	804.92	3014.48	
47871.7	-0.575127	0.0592244	-0.37867	1031.63	803.206	3014.76	
47875	-0.575363	0.0590895	-0.378397	1031.26	801.466	3014.94	
47880	-0.575561	0.0589567	-0.378234	1030.88	799.651	3015.15	
47883.3	-0.57575	0.0586326	-0.378204	1030.56	797.813	3015.45	
47888.3	-0.575994	0.0586026	-0.378212	1030.28	795.886	3015.74	
47891.7	-0.576252	0.0586728	-0.377977	1030	793.972	3015.94	
47896.7	-0.576483	0.0582078	-0.377725	1029.73	792.028	3015.96	
47900	-0.576683	0.0577185	-0.377816	1029.43	790.103	3015.86	
47905	-0.576822	0.057543	-0.377949	1029.1	788.161	3015.81	
47908.3	-0.576962	0.0573776	-0.37779	1028.76	786.229	3015.81	
47913.3	-0.577159	0.0572814	-0.377618	1028.4	784.145	3015.47	
47916.7	-0.577331	0.0572403	-0.37775	1028.03	782.004	3014.96	
47921.7	-0.577489	0.0572661	-0.378294	1027.66	779.851	3014.46	
47925	-0.577693	0.0573874	-0.378823	1027.28	777.735	3013.95	
47930	-0.577869	0.0571356	-0.379315	1026.9	775.631	3013.52	
47933.3	-0.577959	0.05642	-0.37977	1026.57	773.576	3013.18	
47938.3	-0.578036	0.0555988	-0.379928	1026.26	771.456	3012.74	
47941.7	-0.578173	0.0549682	-0.379912	1025.94	769.331	3012.2	
47946.7	-0.578313	0.0544814	-0.379744	1025.58	767.189	3011.66	
47950	-0.578485	0.0541337	-0.379456	1025.23	765.107	3011.17	
47955	-0.578765	0.0540893	-0.37887	1024.9	763.022	3010.77	
47958.3	-0.579006	0.0542029	-0.378262	1024.56	760.921	3010.42	
47963.3	-0.579218	0.0543517	-0.378261	1024.19	758.742	3009.94	
47966.7	-0.579466	0.0543125	-0.378517	1023.77	756.579	3009.3	
47971.7	-0.579652	0.0535241	-0.378548	1023.31	754.354	3008.38	
47975	-0.579817	0.0524925	-0.3783	1022.85	752.138	3007.32	
47980	-0.580081	0.0519416	-0.377844	1022.32	749.902	3006.15	
47983.3	-0.580415	0.0518267	-0.377524	1021.81	747.7	3005.03	
47988.3	-0.580849	0.0523316	-0.377153	1021.33	745.527	3003.96	
47991.7	-0.581221	0.0527588	-0.376718	1020.86	743.401	3002.91	
47996.7	-0.581427	0.0519297	-0.376555	1020.46	741.137	3001.68	
48000	-0.581614	0.0506965	-0.376552	1020.05	738.819	3000.32	
48005	-0.581883	0.0498574	-0.376749	1019.58	736.462	2998.87	
48008.3	-0.582141	0.0492826	-0.377195	1019.11	734.152	2997.42	
48013.3	-0.582347	0.0492191	-0.377454	1018.63	731.922	2996.12	
48016.7	-0.582535	0.0493767	-0.377386	1018.13	729.75	2994.88	
48021.7	-0.582748	0.0493448	-0.377733	1017.59	727.436	2993.15	
48025	-0.58296	0.0488642	-0.378379	1017.06	725.053	2991.2	
48030	-0.583146	0.0481993	-0.378491	1016.56	722.57	2989.32	
48033.3	-0.583324	0.0477566	-0.378172	1016.01	720.083	2987.42	
48038.3	-0.583493	0.0472627	-0.3781	1015.36	717.557	2985.38	
48041.7	-0.583681	0.0467542	-0.378216	1014.75	715.059	2983.45	
48046.7	-0.583905	0.0463557	-0.378334	1014.19	712.511	2981.58	
48050	-0.584087	0.0459269	-0.378634	1013.63	710.009	2979.75	
48055	-0.584217	0.0454198	-0.379261	1013.07	707.478	2977.87	
48058.3	-0.584358	0.0449318	-0.379948	1012.5	704.933	2975.96	
48063.3	-0.584509	0.0441491	-0.381083	1011.88	702.253	2973.83	
48066.7	-0.584684	0.0434278	-0.382635	1011.22	699.587	2971.58	
48071.7	-0.584918	0.0433287	-0.383916	1010.47	696.937	2969.19	
48075	-0.585224	0.0436889	-0.384845	1009.74	694.34	2966.82	
48080	-0.585655	0.0445398	-0.385618	1009.01	691.738	2964.46	
48083.3	-0.586077	0.0453889	-0.38633	1008.25	689.139	2962.04	
48088.3	-0.586405	0.0462949	-0.387161	1007.41	686.451	2959.48	
48091.7	-0.586702	0.0471707	-0.387898	1006.63	683.803	2956.98	
48096.7	-0.587049	0.0475822	-0.388737	1005.91	681.096	2954.32	
48100	-0.587395	0.0478442	-0.389744	1005.17	678.374	2951.52	
48105	-0.587722	0.0484134	-0.3905	1004.39	675.644	2948.71	
48108.3	-0.587989	0.0489077	-0.390999	1003.6	672.964	2945.94	
48113.3	-0.58811	0.0483783	-0.391474	1002.82	670.22	2943.22	
48116.7	-0.588195	0.0475344	-0.391976	1002.15	667.508	2940.77	
48121.7	-0.588396	0.0476281	-0.392449	1001.55	664.771	2938.21	
48125	-0.588665	0.0480614	-0.392816	1000.91	662.051	2935.48	
48130	-0.58894	0.0481187	-0.393291	1000.24	659.237	2932.59	
48133.3	-0.589172	0.0480021	-0.393983	999.528	656.399	2929.61	
48138.3	-0.589359	0.0480586	-0.394655	998.729	653.546	2926.42	
48141.7	-0.589568	0.0483015	-0.395083	997.883	650.765	2923.15	
48146.7	-0.5898	0.0485152	-0.395206	996.973	647.945	2919.91	
48150	-0.589992	0.0487027	-0.395445	996.126	645.138	2916.91	
48155	-0.590165	0.049117	-0.39589	995.321	642.271	2913.92	
48158.3	-0.590403	0.0494837	-0.39587	994.515	639.416	2910.89	
48163.3	-0.590683	0.0493737	-0.395473	993.692	636.488	2907.61	
48166.7	-0.590842	0.0489634	-0.395367	992.86	633.596	2904.24	
48171.7	-0.590927	0.0482626	-0.396096	991.977	630.669	2900.78	
48175	-0.591098	0.0476428	-0.397078	991.137	627.775	2897.42	
48180	-0.591328	0.047388	-0.397086	990.355	624.844	2893.85	
48183.3	-0.591509	0.0473003	-0.3967	989.591	621.965	2890.19	
48188.3	-0.591571	0.0470465	-0.396424	988.851	619.132	2886.71	
48191.7	-0.591584	0.0465299	-0.395975	988.144	616.351	2883.42	
48196.7	-0.591671	0.0462566	-0.39573	987.398	613.539	2879.96	
48200	-0.591808	0.0462864	-0.395786	986.583	610.756	2876.39	
48205	-0.59196	0.0462463	-0.396159	985.696	607.87	2872.75	
48208.3	-0.592114	0.0461537	-0.396778	984.867	604.982	2869.25	
48213.3	-0.592245	0.045817	-0.397341	984.102	602.05	2865.72	
48216.7	-0.592383	0.0453827	-0.397631	983.369	599.157	2862.18	
48221.7	-0.592582	0.0456237	-0.397419	982.624	596.204	2858.52	
48225	-0.592742	0.0459895	-0.397144	981.93	593.214	2854.92	
48230	-0.592833	0.0457083	-0.39761	981.312	590.154	2851.53	
48233.3	-0.592867	0.0451353	-0.398318	980.648	587.174	2848.16	
48238.3	-0.592848	0.0446015	-0.398591	979.894	584.182	2844.52	
48241.7	-0.592894	0.0442914	-0.398775	979.161	581.219	2840.9	
48246.7	-0.593007	0.0444858	-0.398952	978.431	578.226	2837.29	
48250	-0.593176	0.0451117	-0.398824	977.635	575.316	2833.6	
48255	-0.59342	0.0457378	-0.398404	976.746	572.403	2829.7	
48258.3	-0.593646	0.0461442	-0.398083	975.927	569.504	2825.9	
48263.3	-0.593847	0.0464908	-0.397961	975.161	566.523	2822.02	
48266.7	-0.593956	0.0464965	-0.397858	974.362	563.51	2817.99	
48271.7	-0.593973	0.0462118	-0.397871	973.485	560.392	2813.79	
48275	-0.59403	0.0460534	-0.397962	972.667	557.307	2809.71	
48280	-0.594166	0.0461264	-0.39803	971.911	554.255	2805.83	
48283.3	-0.594273	0.046323	-0.398129	971.151	551.286	2802.05	
48288.3	-0.594294	0.0465063	-0.398268	970.365	548.264	2798.02	
48291.7	-0.594351	0.0466944	-0.398276	969.588	545.271	2793.91	
48296.7	-0.594403	0.0461494	-0.398049	968.853	542.256	2789.81	
48300	-0.594406	0.0451997	-0.397948	968.229	539.242	2785.94	
48305	-0.594507	0.0448019	-0.398137	967.661	536.118	2782.1	
48308.3	-0.594608	0.0447374	-0.398472	967.031	533.04	2778.19	
48313.3	-0.594629	0.0448404	-0.399411	966.311	529.911	2774.1	
48316.7	-0.594684	0.0448097	-0.400086	965.531	526.807	2769.91	
48321.7	-0.594785	0.0443328	-0.400047	964.666	523.681	2765.42	
48325	-0.594848	0.0438604	-0.400287	963.806	520.595	2760.98	
48330	-0.594777	0.0431849	-0.400617	962.953	517.495	2756.47	
48333.3	-0.594651	0.0422335	-0.400801	962.162	514.431	2752.04	
48338.3	-0.594581	0.0414286	-0.40113	961.393	511.288	2747.69	
48341.7	-0.594571	0.0407714	-0.401233	960.544	508.139	2743.29	
48346.7	-0.59456	0.040142	-0.401085	959.568	504.924	2738.64	
48350	-0.59447	0.0395373	-0.40112	958.653	501.781	2734.12	
48355	-0.59434	0.0390017	-0.401411	957.792	498.648	2729.72	
48358.3	-0.594286	0.0386093	-0.401771	956.968	495.586	2725.47	
48363.3	-0.594274	0.0379511	-0.402113	956.192	492.454	2721.12	
48366.7	-0.594236	0.0371757	-0.402553	955.455	489.304	2716.8	
48371.7	-0.594194	0.036791	-0.403312	954.719	486.115	2712.41	
48375	-0.594143	0.036423	-0.404024	953.97	483.006	2707.99	
48380	-0.594047	0.0357995	-0.404454	953.197	479.891	2703.37	
48383.3	-0.593975	0.0353353	-0.40475	952.392	476.814	2698.7	
48388.3	-0.59398	0.0349633	-0.404903	951.532	473.705	2694.05	
48391.7	-0.593985	0.0343981	-0.405076	950.734	470.549	2689.61	
48396.7	-0.593921	0.0334331	-0.405456	949.998	467.189	2685.22	
48400	-0.593841	0.0324062	-0.405838	949.301	463.861	2680.93	
48405	-0.593816	0.0318671	-0.406284	948.6	460.513	2676.64	
48408.3	-0.593763	0.0315598	-0.406869	947.895	457.204	2672.42	
48413.3	-0.593639	0.0312904	-0.407539	947.174	453.855	2668.02	
48416.7	-0.593529	0.0310627	-0.408211	946.466	450.569	2663.59	
48421.7	-0.593417	0.0306014	-0.409034	945.776	447.3	2659.15	
48425	-0.593324	0.0300689	-0.40977	945.075	444.086	2654.73	
48430	-0.593305	0.0304154	-0.410172	944.282	440.819	2650	
48433.3	-0.593275	0.0312126	-0.410512	943.444	437.572	2645.18	
48438.3	-0.593184	0.0316788	-0.410982	942.573	434.263	2640.25	
48441.7	-0.593099	0.031925	-0.411514	941.707	431.004	2635.36	
48446.7	-0.593028	0.0319559	-0.412181	940.815	427.704	2630.34	
48450	-0.59302	0.0320869	-0.412761	939.955	424.466	2625.39	
48455	-0.593155	0.0327444	-0.41345	939.079	421.167	2620.34	
48458.3	-0.593257	0.0333487	-0.414407	938.187	417.862	2615.3	
48463.3	-0.593236	0.0335774	-0.415731	937.275	414.513	2610.15	
48466.7	-0.593197	0.0336916	-0.416971	936.413	411.225	2605.1	
48471.7	-0.593139	0.0335662	-0.417733	935.611	407.926	2600.08	
48475	-0.593097	0.0333619	-0.418332	934.799	404.681	2595.12	
48480	-0.59307	0.0334959	-0.418627	933.929	401.428	2589.95	
48483.3	-0.592995	0.0338832	-0.418849	933.11	398.197	2584.87	
48488.3	-0.592951	0.0343957	-0.419163	932.339	394.842	2579.86	
48491.7	-0.592962	0.03484	-0.419222	931.499	391.546	2574.78	
48496.7	-0.592944	0.0349633	-0.419376	930.534	388.23	2569.38	
48500	-0.592904	0.0350774	-0.419785	929.614	384.936	2564.07	
48505	-0.592898	0.0354308	-0.420461	928.716	381.582	2558.7	
48508.3	-0.592866	0.0356559	-0.421267	927.85	378.253	2553.39	
48513.3	-0.592735	0.0359886	-0.421844	927.004	374.905	2548.07	
48516.7	-0.592613	0.0365899	-0.422413	926.189	371.624	2542.89	
48521.7	-0.592491	0.0368132	-0.423154	925.435	368.303	2537.67	
48525	-0.592327	0.0366894	-0.423724	924.689	365.025	2532.45	
48530	-0.592151	0.0366909	-0.424304	923.888	361.689	2527.1	
48533.3	-0.592018	0.0368884	-0.424939	923.081	358.402	2521.81	
48538.3	-0.591925	0.0374233	-0.425563	922.234	355.094	2516.36	
48541.7	-0.591839	0.0381531	-0.426202	921.391	351.837	2510.95	
48546.7	-0.591774	0.0386709	-0.426854	920.569	348.558	2505.5	
48550	-0.59165	0.0388319	-0.427536	919.777	345.342	2500.12	
48555	-0.59138	0.0389309	-0.428314	918.981	342.168	2494.69	
48558.3	-0.59108	0.0389966	-0.428838	918.167	339.031	2489.3	
48563.3	-0.59078	0.0387321	-0.428961	917.314	335.753	2483.68	
48566.7	-0.590515	0.0385304	-0.429177	916.476	332.499	2478.12	
48571.7	-0.590292	0.0386442	-0.429442	915.627	329.199	2472.57	
48575	-0.590012	0.0387413	-0.429404	914.764	325.936	2467.08	
48580	-0.589642	0.0383465	-0.428909	913.891	322.66	2461.51	
48583.3	-0.589307	0.0378127	-0.428393	913.055	319.422	2456.09	
48588.3	-0.589027	0.037829	-0.427935	912.185	316.137	2450.48	
48591.7	-0.588756	0.0379964	-0.427418	911.313	312.94	2444.86	
48596.7	-0.588458	0.0380023	-0.427069	910.43	309.719	2439.09	
48600	-0.58815	0.0380673	-0.426875	909.604	306.531	2433.44	
48605	-0.587817	0.0381273	-0.426543	908.848	303.293	2427.78	
48608.3	-0.587464	0.0381505	-0.426184	908.106	300.045	2422.18	
48613.3	-0.587116	0.0381784	-0.426497	907.337	296.681	2416.54	
48616.7	-0.586754	0.038018	-0.426935	906.479	293.367	2410.82	
48621.7	-0.586324	0.0375828	-0.427014	905.488	290.006	2404.66	
48625	-0.585863	0.0371611	-0.427051	904.513	286.711	2398.49	
48630	-0.585353	0.0368675	-0.426812	903.537	283.452	2392.34	
48633.3	-0.584777	0.0364812	-0.42661	902.686	280.234	2386.49	
48638.3	-0.584074	0.035803	-0.426888	901.975	276.959	2380.63	
48641.7	-0.583672	0.0357533	-0.426635	901.027	273.935	2374.41	
48646.7	-0.583702	0.0365815	-0.425336	899.734	271.181	2367.7	
48650	-0.583574	0.0369291	-0.42416	898.507	268.488	2361.17	
48655	-0.583293	0.0370473	-0.423338	897.289	265.758	2354.49	
48658.3	-0.583144	0.0377797	-0.422552	896.071	263.053	2347.88	
48663.3	-0.583087	0.038997	-0.42147	894.856	260.299	2341.22	
48666.7	-0.582993	0.0399152	-0.420146	893.685	257.583	2334.66	
48671.7	-0.582844	0.0403387	-0.419214	892.524	254.846	2328.06	
48675	-0.582557	0.0406341	-0.418971	891.462	252.083	2321.75	
48680	-0.582138	0.0411248	-0.41877	890.498	249.173	2315.42	
48683.3	-0.581842	0.0417022	-0.418046	889.513	246.302	2309.03	
48688.3	-0.581806	0.0425987	-0.416981	888.372	243.359	2302.42	
